0 0
0 0
0 0
0 0
0 0.00798820774436396
0 0.00339062584702305
0 -0.00781398260624146
0 0.00187128305476698
0 0.0117257524100205
0 0.0141273609094477
0 0.00856316322507595
0 0.0162431272788662
0 -0.0165241313779814
0 -0.00409019894504957
0 -0.0131667212836692
0 0.0194941328333453
0 0.00405936058178873
0 0.0166629345088684
0 -0.00584821764280949
0 0.0111343930000912
0 0.0198117870288321
0 0.0186553001273106
0 0.020590164637908
0 -0.00909764843882946
0 0.0263273438180711
0 -0.0256415001248996
0 -0.0185104106202058
0 0.00295845286511451
0 -0.00161591847110859
0 -0.0254418891750629
0 -0.0283398510891724
0 -0.0269009163285508
0 -0.00634239830184915
0 0.028336827939857
0 -0.0085240810595632
0 0.00178819568736972
0 0.0152626820498478
0 -0.00832848212218087
0 -0.0170616781493817
0 -0.0291240210237965
0 0.0103054035111911
0 -0.018995523278475
0 0.00217722363427815
0 -0.0142233603317976
0 -0.0103793873912361
0 0.0286834413618226
0 -0.0180330560322776
0 0.01814951739479
0 -0.00255168084950491
0 0.00434755900228568
0 -0.0188503282037817
0 -0.0228375059457515
0 -0.0143577467558871
0 0.00708004504795329
0 -0.000179467124380585
0 0.029292300463795
0 -0.0214160182533423
0 -0.00876026284759222
0 0.0017334976289656
0 0.0111038282671558
0 0.000949481975678769
0 -0.0245553465073819
0 0.0275335667443328
0 -0.00322253504388438
0 -0.0103745553910185
0 -0.027823800183354
0 0.000799389373167009
0 0.0183185603909382
0 0.0261591730819691
0 -0.000915161870850743
0 -0.00180900863326698
0 0.0206584202552338
0 -0.0227251998192196
0 -0.0209242063544419
0 0.00987418598233551
0 0.0190431264890393
0 0.0187985750807727
0 0.0223509594861103
0 -0.00532654674672879
0 -0.023023430400703
0 -0.0284422099341758
0 -0.0215841078374994
0 0.010615728733723
0 0.0204818012841475
0 0.00626062036225504
0 -0.0197848020063144
0 0.00407093408807722
0 0.0206888935034067
0 -0.006741730195834
0 0.00686015027092818
0 0.000686450194038644
0 -0.0046758418387139
0 -0.0239820611357633
0 0.016548489114474
0 -0.0143335782273083
0 -0.0266507434691386
0 -0.00825697161371341
0 -0.0177159004418901
0 0.0110324618797839
-0.940952650092845 -0.022716833890823
-0.940952650092845 -0.000209353020119006
-0.940952650092845 0.00923293444295056
-0.940952650092845 0.0018821953536645
-0.940952650092845 0.0538763515424376
-0.940952650092845 0.105307925332589
-0.940952650092845 0.207285412782366
-0.940952650092845 0.29868517990727
-0.940952650092845 0.450364088393056
-0.940952650092845 0.573372275993317
-0.940952650092845 0.707430287013842
-0.940952650092845 0.873092452818358
-0.940952650092845 1.02332903280391
-0.940952650092845 1.14537807937919
-0.940952650092845 1.28819893482027
-0.940952650092845 1.38833928828478
-0.940952650092845 1.53368137805046
-0.940952650092845 1.61197910274376
-0.940952650092845 1.73181789343596
-0.940952650092845 1.84333360675147
-0.940952650092845 1.92360637349739
-0.940952650092845 1.98398225972544
-0.940952650092845 2.04694373688399
-0.940952650092845 2.08701052367459
-0.940952650092845 2.11371910998128
-0.940952650092845 2.20601916580626
-0.940952650092845 2.24122263501386
-0.940952650092845 2.23570118337471
-0.940952650092845 2.27666643009178
-0.940952650092845 2.29208756528573
-0.940952650092845 2.34101330071603
-0.940952650092845 2.32968860739848
-0.940952650092845 2.39874320230863
-0.940952650092845 2.41231093146541
-0.940952650092845 2.40760505550702
-0.940952650092845 2.40623073758574
-0.940952650092845 2.4407324841711
-0.940952650092845 2.40797703590273
-0.940952650092845 2.41686794269789
-0.940952650092845 2.46836325480409
-0.940952650092845 2.44811281192351
-0.940952650092845 2.44815658783517
-0.940952650092845 2.4597292777884
-0.940952650092845 2.4873030361054
-0.940952650092845 2.47549619607336
-0.940952650092845 2.44436858470299
-0.940952650092845 2.49655441618458
-0.940952650092845 2.45650245340482
-0.940952650092845 2.49447283271831
-0.940952650092845 2.50186177183814
-0.940952650092845 2.4964100793618
-0.940952650092845 2.49235346758092
-0.940952650092845 2.45858438804443
-0.940952650092845 2.49445420632241
-0.940952650092845 2.49801352745298
-0.940952650092845 2.49354442498868
-0.940952650092845 2.5097887266549
-0.940952650092845 2.49640272651843
-0.940952650092845 2.46867001617313
-0.940952650092845 2.46543718938726
-0.940952650092845 2.47031451978415
-0.940952650092845 2.45966272393686
-0.940952650092845 2.45706396259992
-0.940952650092845 2.48445781733744
-0.940952650092845 2.48003542592007
-0.940952650092845 2.48389116099776
-0.940952650092845 2.49358935578865
-0.940952650092845 2.4735975077526
-0.940952650092845 2.4624690755346
-0.940952650092845 2.4881960935469
-0.940952650092845 2.51119070882016
-0.940952650092845 2.49306305447337
-0.940952650092845 2.50944666394063
-0.940952650092845 2.47586380629129
-0.940952650092845 2.46996942465967
-0.940952650092845 2.50036698314435
-0.940952650092845 2.47771678683431
-0.940952650092845 2.47916930297428
-0.940952650092845 2.47420210824729
-0.940952650092845 2.47686953871176
-0.940952650092845 2.50679360940871
-0.940952650092845 2.51258447770305
-0.940952650092845 2.49636485086466
-0.940952650092845 2.50478016959612
-0.940952650092845 2.47415300699713
-0.940952650092845 2.51558092684852
-0.940952650092845 2.51286162655071
-0.940952650092845 2.47196237231518
-0.940952650092845 2.49891598692527
-0.940952650092845 2.47043269068578
-0.940952650092845 2.49896098729438
-0.940952650092845 2.47915230147236
-0.940952650092845 2.50267391688753
-0.940952650092845 2.49154446247253
-0.940952650092845 2.47761534906518
-0.940952650092845 2.4956940284108
-0.940952650092845 2.50422857030411
-0.940952650092845 2.46968305700019
-0.940952650092845 2.51467842478316
-0.940952650092845 2.46789272750554
0.4639931740924 2.49813506746371
0.4639931740924 2.50949942366197
0.4639931740924 2.51445849922758
0.4639931740924 2.48371317356407
0.4639931740924 2.21788630447174
0.4639931740924 1.64700711782948
0.4639931740924 1.14558396241462
0.4639931740924 0.748884654283827
0.4639931740924 0.404908276817502
0.4639931740924 0.210129605657734
0.4639931740924 0.0520238538294419
0.4639931740924 -0.0573520393115229
0.4639931740924 -0.131257347909449
0.4639931740924 -0.165822597901305
0.4639931740924 -0.25296546714184
0.4639931740924 -0.256936949951317
0.4639931740924 -0.292140883629319
0.4639931740924 -0.31981206215454
0.4639931740924 -0.301471271028688
0.4639931740924 -0.345845300030754
0.4639931740924 -0.372574049791803
0.4639931740924 -0.339539809921388
0.4639931740924 -0.389042563669185
0.4639931740924 -0.39593637834036
0.4639931740924 -0.375503805891918
0.4639931740924 -0.39815880773993
0.4639931740924 -0.401722544750499
0.4639931740924 -0.375174896416331
0.4639931740924 -0.391327837120131
0.4639931740924 -0.403774544017659
0.4639931740924 -0.384718797182671
0.4639931740924 -0.394533487689603
0.4639931740924 -0.366947956625659
0.4639931740924 -0.401719953591522
0.4639931740924 -0.399966407928503
0.4639931740924 -0.39653786752636
0.4639931740924 -0.417025476404976
0.4639931740924 -0.392441875705176
0.4639931740924 -0.416437240373165
0.4639931740924 -0.386333688811132
0.4639931740924 -0.36816448305869
0.4639931740924 -0.386097482276898
0.4639931740924 -0.378491549874269
0.4639931740924 -0.40105794149875
0.4639931740924 -0.417907234484474
0.4639931740924 -0.397904840864031
0.4639931740924 -0.377257910674995
0.4639931740924 -0.408766905637277
0.4639931740924 -0.373294354548269
0.4639931740924 -0.395233593651063
0.4639931740924 -0.423498663244541
0.4639931740924 -0.417153876337221
0.4639931740924 -0.423607255282003
0.4639931740924 -0.378399600800919
0.4639931740924 -0.410862297314565
0.4639931740924 -0.379624656549188
0.4639931740924 -0.420316232887404
0.4639931740924 -0.405023447858019
0.4639931740924 -0.415469381378626
0.4639931740924 -0.416892114359423
0.4639931740924 -0.383876648923579
0.4639931740924 -0.382429424286649
0.4639931740924 -0.369384872053431
0.4639931740924 -0.387029942902448
0.4639931740924 -0.378653745366438
0.4639931740924 -0.418352631085599
0.4639931740924 -0.423686640649421
0.4639931740924 -0.399373036728438
0.4639931740924 -0.406149257448676
0.4639931740924 -0.388895384493194
0.4639931740924 -0.381174042138593
0.4639931740924 -0.390653013516229
0.4639931740924 -0.425499421958245
0.4639931740924 -0.394839287140065
0.4639931740924 -0.378600848940624
0.4639931740924 -0.396602954605194
0.4639931740924 -0.369603832456381
0.4639931740924 -0.396173630718958
0.4639931740924 -0.371574866630021
0.4639931740924 -0.381811953949022
0.4639931740924 -0.368775823972197
0.4639931740924 -0.395552772485861
0.4639931740924 -0.386414181459036
0.4639931740924 -0.399765966132788
0.4639931740924 -0.412800545801954
0.4639931740924 -0.417560568219624
0.4639931740924 -0.374760954535483
0.4639931740924 -0.385807914952524
0.4639931740924 -0.42280786755102
0.4639931740924 -0.388417034689308
0.4639931740924 -0.373525053450595
0.4639931740924 -0.384052250490956
0.4639931740924 -0.41278741722461
0.4639931740924 -0.41830545404867
0.4639931740924 -0.412917830806931
0.4639931740924 -0.388187531266719
0.4639931740924 -0.399414196218477
0.4639931740924 -0.398837914086169
0.4639931740924 -0.410855204453753
0.4639931740924 -0.38815021423697
0.2527634757116 -0.397358432506007
0.2527634757116 -0.390565701017958
0.2527634757116 -0.399437028826833
0.2527634757116 -0.408084288601761
0.2527634757116 -0.373175487178658
0.2527634757116 -0.402090494653495
0.2527634757116 -0.387219671949528
0.2527634757116 -0.404538203123629
0.2527634757116 -0.353442711302237
0.2527634757116 -0.35570740622309
0.2527634757116 -0.390593830474576
0.2527634757116 -0.368668510797683
0.2527634757116 -0.393346190140589
0.2527634757116 -0.368621663931075
0.2527634757116 -0.370700187454848
0.2527634757116 -0.367651769892943
0.2527634757116 -0.383465133196966
0.2527634757116 -0.370722223937419
0.2527634757116 -0.370294339711646
0.2527634757116 -0.369307094073665
0.2527634757116 -0.338218740964562
0.2527634757116 -0.368354309577726
0.2527634757116 -0.358583969147428
0.2527634757116 -0.36223037190444
0.2527634757116 -0.345647173638119
0.2527634757116 -0.34197122970315
0.2527634757116 -0.361090001466962
0.2527634757116 -0.365806274429426
0.2527634757116 -0.323374442730369
0.2527634757116 -0.357980532912922
0.2527634757116 -0.341829550140694
0.2527634757116 -0.335348839895683
0.2527634757116 -0.321531524029652
0.2527634757116 -0.315013772221721
0.2527634757116 -0.338901766234432
0.2527634757116 -0.327103368781382
0.2527634757116 -0.330348244732924
0.2527634757116 -0.314812415317616
0.2527634757116 -0.334962908061629
0.2527634757116 -0.339771824039111
0.2527634757116 -0.33880288069299
0.2527634757116 -0.360389260406062
0.2527634757116 -0.331916030951815
0.2527634757116 -0.361319879955513
0.2527634757116 -0.333758792541034
0.2527634757116 -0.346001414630386
0.2527634757116 -0.331933031192328
0.2527634757116 -0.321802739687249
0.2527634757116 -0.324728713144472
0.2527634757116 -0.326199765147245
0.2527634757116 -0.339229150795007
0.2527634757116 -0.371464138997157
0.2527634757116 -0.323550036349293
0.2527634757116 -0.323243093663064
0.2527634757116 -0.333025942557196
0.2527634757116 -0.368847889083318
0.2527634757116 -0.345461320780411
0.2527634757116 -0.354156435413174
0.2527634757116 -0.346110415741788
0.2527634757116 -0.312322202538534
0.2527634757116 -0.314603339703396
0.2527634757116 -0.334583143378775
0.2527634757116 -0.350747209090759
0.2527634757116 -0.315810060206447
0.2527634757116 -0.363731482510373
0.2527634757116 -0.35564429128633
0.2527634757116 -0.355907801384755
0.2527634757116 -0.331851108773983
0.2527634757116 -0.367666555295243
0.2527634757116 -0.362001899824376
0.2527634757116 -0.340658710228421
0.2527634757116 -0.359584393905816
0.2527634757116 -0.332103899509108
0.2527634757116 -0.31482804913203
0.2527634757116 -0.347221913060542
0.2527634757116 -0.369222392825079
0.2527634757116 -0.344244059930061
0.2527634757116 -0.323501972830891
0.2527634757116 -0.314155691509632
0.2527634757116 -0.364348273557389
0.2527634757116 -0.34754663562535
0.2527634757116 -0.335332965719678
0.2527634757116 -0.361752141335817
0.2527634757116 -0.331187465313533
0.2527634757116 -0.342138401800548
0.2527634757116 -0.346582327576162
0.2527634757116 -0.312795628636602
0.2527634757116 -0.345527507731226
0.2527634757116 -0.324789048917964
0.2527634757116 -0.339273537654933
0.2527634757116 -0.320436615592172
0.2527634757116 -0.317724231065083
0.2527634757116 -0.324874829723017
0.2527634757116 -0.319150378731979
0.2527634757116 -0.366126280167399
0.2527634757116 -0.358475842054926
0.2527634757116 -0.333031343864768
0.2527634757116 -0.34371837633506
0.2527634757116 -0.329921829740333
0.2527634757116 -0.363138550427349
-0.0277472774636061 -0.359967575052843
-0.0277472774636061 -0.349410829293692
-0.0277472774636061 -0.352065644952384
-0.0277472774636061 -0.351167089323568
-0.0277472774636061 -0.329211261919925
-0.0277472774636061 -0.320840194150529
-0.0277472774636061 -0.315706769804778
-0.0277472774636061 -0.247799710604714
-0.0277472774636061 -0.249651457003308
-0.0277472774636061 -0.236250501532639
-0.0277472774636061 -0.204045591609038
-0.0277472774636061 -0.154831112548945
-0.0277472774636061 -0.175849969443431
-0.0277472774636061 -0.146318590356341
-0.0277472774636061 -0.114225079572636
-0.0277472774636061 -0.057152562836472
-0.0277472774636061 -0.0623820710965511
-0.0277472774636061 -0.0214196194980699
-0.0277472774636061 -0.0448160545681935
-0.0277472774636061 0.00252451187686997
-0.0277472774636061 0.00178054970295077
-0.0277472774636061 0.0103275208410046
-0.0277472774636061 0.0219140425076532
-0.0277472774636061 0.014502684911926
-0.0277472774636061 0.0287668800291964
-0.0277472774636061 0.0255475913549829
-0.0277472774636061 0.0163450538186305
-0.0277472774636061 0.0318823771753177
-0.0277472774636061 0.057974240848086
-0.0277472774636061 0.0513189926954361
-0.0277472774636061 0.0547999656523776
-0.0277472774636061 0.0372623491730349
-0.0277472774636061 0.0376283562731109
-0.0277472774636061 0.0886294850201593
-0.0277472774636061 0.0481127384287133
-0.0277472774636061 0.048274959920752
-0.0277472774636061 0.080519695483332
-0.0277472774636061 0.0476003918831532
-0.0277472774636061 0.0900325424728152
-0.0277472774636061 0.0758859964976781
-0.0277472774636061 0.0598228631494175
-0.0277472774636061 0.0536927290254191
-0.0277472774636061 0.0539021152069548
-0.0277472774636061 0.0498718065152403
-0.0277472774636061 0.095024063521712
-0.0277472774636061 0.0526982509465752
-0.0277472774636061 0.0760521854318426
-0.0277472774636061 0.0998543538684441
-0.0277472774636061 0.0881223308764511
-0.0277472774636061 0.0972464190244497
-0.0277472774636061 0.108445663268419
-0.0277472774636061 0.0919753774582145
-0.0277472774636061 0.0720065912908091
-0.0277472774636061 0.0920430498957788
-0.0277472774636061 0.0981872046417224
-0.0277472774636061 0.0553018374233245
-0.0277472774636061 0.054230792301247
-0.0277472774636061 0.0965405281189574
-0.0277472774636061 0.102114770853298
-0.0277472774636061 0.0714928336505178
-0.0277472774636061 0.0913937234606257
-0.0277472774636061 0.0866217020063879
-0.0277472774636061 0.062120809986986
-0.0277472774636061 0.0893410856259457
-0.0277472774636061 0.0701960271691687
-0.0277472774636061 0.0759069815287131
-0.0277472774636061 0.0990579029851048
-0.0277472774636061 0.0930559433953584
-0.0277472774636061 0.0685480869094358
-0.0277472774636061 0.056495866084687
-0.0277472774636061 0.0716016413591735
-0.0277472774636061 0.10240811145814
-0.0277472774636061 0.103388425460122
-0.0277472774636061 0.109403380064877
-0.0277472774636061 0.0766409898770646
-0.0277472774636061 0.061974294043143
-0.0277472774636061 0.0728656881479696
-0.0277472774636061 0.0737930293665698
-0.0277472774636061 0.0626297274142121
-0.0277472774636061 0.100552352407855
-0.0277472774636061 0.0717757640415075
-0.0277472774636061 0.0765447057480957
-0.0277472774636061 0.070877360726556
-0.0277472774636061 0.0595689938808449
-0.0277472774636061 0.0642876126883992
-0.0277472774636061 0.0879202136204718
-0.0277472774636061 0.0974038155735923
-0.0277472774636061 0.0645826130711788
-0.0277472774636061 0.0520313394462482
-0.0277472774636061 0.0859724284731026
-0.0277472774636061 0.0599252959609646
-0.0277472774636061 0.0585860889938106
-0.0277472774636061 0.0867521940757588
-0.0277472774636061 0.0938781993002427
-0.0277472774636061 0.0947003725853218
-0.0277472774636061 0.10367820287952
-0.0277472774636061 0.101486493796671
-0.0277472774636061 0.0671340764066497
-0.0277472774636061 0.0801897261716571
-0.0277472774636061 0.072849908999384
0.635445212842759 0.0965181453011064
0.635445212842759 0.0988956867660621
0.635445212842759 0.0857458861253671
0.635445212842759 0.0914139968082029
0.635445212842759 0.0334461511479719
0.635445212842759 -0.0313182749242139
0.635445212842759 -0.0721426931333279
0.635445212842759 -0.122046656969141
0.635445212842759 -0.211814266191047
0.635445212842759 -0.217563078515835
0.635445212842759 -0.293430996071946
0.635445212842759 -0.288447936765831
0.635445212842759 -0.29026831158464
0.635445212842759 -0.316160943235931
0.635445212842759 -0.339891646622381
0.635445212842759 -0.352807183990088
0.635445212842759 -0.39532174737419
0.635445212842759 -0.366533288666915
0.635445212842759 -0.393670584578691
0.635445212842759 -0.394917724779827
0.635445212842759 -0.375274814251126
0.635445212842759 -0.391220669445594
0.635445212842759 -0.365701805758267
0.635445212842759 -0.423068654664964
0.635445212842759 -0.372588862429399
0.635445212842759 -0.413992067056573
0.635445212842759 -0.374814130809168
0.635445212842759 -0.394106932313519
0.635445212842759 -0.405422160140791
0.635445212842759 -0.387518423866015
0.635445212842759 -0.43508623091613
0.635445212842759 -0.427422825427117
0.635445212842759 -0.395727775459653
0.635445212842759 -0.404978473499544
0.635445212842759 -0.405086930036808
0.635445212842759 -0.409245280744951
0.635445212842759 -0.431988452864272
0.635445212842759 -0.404841810437503
0.635445212842759 -0.418198920822359
0.635445212842759 -0.389902872931569
0.635445212842759 -0.410922699966956
0.635445212842759 -0.380856730048285
0.635445212842759 -0.436011968512954
0.635445212842759 -0.42668747111281
0.635445212842759 -0.405796179042924
0.635445212842759 -0.422424772437589
0.635445212842759 -0.419174758850819
0.635445212842759 -0.410091712274322
0.635445212842759 -0.386196434686722
0.635445212842759 -0.410846202445313
0.635445212842759 -0.437089686889454
0.635445212842759 -0.429824768206428
0.635445212842759 -0.415900922394018
0.635445212842759 -0.401462091416043
0.635445212842759 -0.411196892993018
0.635445212842759 -0.384307148737807
0.635445212842759 -0.386585530379756
0.635445212842759 -0.400956183425938
0.635445212842759 -0.390692866688657
0.635445212842759 -0.388821054744637
0.635445212842759 -0.419380484259591
0.635445212842759 -0.416862076166397
0.635445212842759 -0.436923330834746
0.635445212842759 -0.406027549720905
0.635445212842759 -0.396562876064623
0.635445212842759 -0.385986921312868
0.635445212842759 -0.410739973577094
0.635445212842759 -0.420142998985032
0.635445212842759 -0.425355817576374
0.635445212842759 -0.389073138704504
0.635445212842759 -0.407220066355757
0.635445212842759 -0.382605738300269
0.635445212842759 -0.384945128095049
0.635445212842759 -0.415958789184049
0.635445212842759 -0.436137205783315
0.635445212842759 -0.382356007681048
0.635445212842759 -0.418304228603449
0.635445212842759 -0.434328458331874
0.635445212842759 -0.425878639196976
0.635445212842759 -0.387450791171828
0.635445212842759 -0.399042078431153
0.635445212842759 -0.426265552885679
0.635445212842759 -0.388167727360862
0.635445212842759 -0.397019862513518
0.635445212842759 -0.397136240516776
0.635445212842759 -0.401234493630546
0.635445212842759 -0.398360002432968
0.635445212842759 -0.440396477823523
0.635445212842759 -0.390555696337174
0.635445212842759 -0.40336450100619
0.635445212842759 -0.422998788748075
0.635445212842759 -0.407189021503098
0.635445212842759 -0.433987699740813
0.635445212842759 -0.427324826936189
0.635445212842759 -0.408531329427208
0.635445212842759 -0.4047026770037
0.635445212842759 -0.387478626413502
0.635445212842759 -0.431631377530618
0.635445212842759 -0.380948721792988
0.635445212842759 -0.427173291638033
0.136426994265799 -0.383271967135994
0.136426994265799 -0.430659073496236
0.136426994265799 -0.400806595728047
0.136426994265799 -0.420566603631766
0.136426994265799 -0.407180842432107
0.136426994265799 -0.403873872600152
0.136426994265799 -0.383226714463762
0.136426994265799 -0.405388135143719
0.136426994265799 -0.369866016682914
0.136426994265799 -0.383894825752267
0.136426994265799 -0.356272200637115
0.136426994265799 -0.333590080908811
0.136426994265799 -0.331237771361317
0.136426994265799 -0.297008212465154
0.136426994265799 -0.308266137060437
0.136426994265799 -0.277942801175672
0.136426994265799 -0.273393946948012
0.136426994265799 -0.287341545647682
0.136426994265799 -0.305019044037207
0.136426994265799 -0.289041116725643
0.136426994265799 -0.285674023122675
0.136426994265799 -0.25259645037667
0.136426994265799 -0.29617361617963
0.136426994265799 -0.241837876456314
0.136426994265799 -0.284932947464499
0.136426994265799 -0.252776793525708
0.136426994265799 -0.242813823109154
0.136426994265799 -0.275105350419449
0.136426994265799 -0.233476731445408
0.136426994265799 -0.266405599362915
0.136426994265799 -0.251967913555557
0.136426994265799 -0.240936594771052
0.136426994265799 -0.268250514765907
0.136426994265799 -0.227797622682675
0.136426994265799 -0.236664397545902
0.136426994265799 -0.227856693427623
0.136426994265799 -0.259091849407813
0.136426994265799 -0.261801848291992
0.136426994265799 -0.244434477108837
0.136426994265799 -0.230424795178357
0.136426994265799 -0.234127407323054
0.136426994265799 -0.246913745473791
0.136426994265799 -0.252533914771432
0.136426994265799 -0.257393486233045
0.136426994265799 -0.252879680440038
0.136426994265799 -0.22683891295453
0.136426994265799 -0.250156423331147
0.136426994265799 -0.234696845044318
0.136426994265799 -0.276210827455655
0.136426994265799 -0.275708639957017
0.136426994265799 -0.265421598892705
0.136426994265799 -0.224780574946899
0.136426994265799 -0.223044095043609
0.136426994265799 -0.238217494755789
0.136426994265799 -0.241485285542247
0.136426994265799 -0.229561504292356
0.136426994265799 -0.25544642646071
0.136426994265799 -0.265783582634023
0.136426994265799 -0.255784051567878
0.136426994265799 -0.230171026679256
0.136426994265799 -0.233334452714673
0.136426994265799 -0.227812819216635
0.136426994265799 -0.273060543809554
0.136426994265799 -0.234868472062277
0.136426994265799 -0.262949338377919
0.136426994265799 -0.26926853116823
0.136426994265799 -0.256077062829067
0.136426994265799 -0.278298261749038
0.136426994265799 -0.264233417340035
0.136426994265799 -0.275902411162068
0.136426994265799 -0.278787326525922
0.136426994265799 -0.262846559667649
0.136426994265799 -0.231442881242003
0.136426994265799 -0.28061397347754
0.136426994265799 -0.230105106695611
0.136426994265799 -0.26080825046405
0.136426994265799 -0.259670501748633
0.136426994265799 -0.257571687417325
0.136426994265799 -0.2410300614745
0.136426994265799 -0.272944549562301
0.136426994265799 -0.257738669286636
0.136426994265799 -0.262185281204574
0.136426994265799 -0.231709112145793
0.136426994265799 -0.274790246644689
0.136426994265799 -0.22493497629014
0.136426994265799 -0.256507018129698
0.136426994265799 -0.234544745321385
0.136426994265799 -0.255190126486339
0.136426994265799 -0.269908284050966
0.136426994265799 -0.276493445398203
0.136426994265799 -0.226654895197549
0.136426994265799 -0.259514715577588
0.136426994265799 -0.228540008649829
0.136426994265799 -0.249771792331918
0.136426994265799 -0.255987535550643
0.136426994265799 -0.227911873819839
0.136426994265799 -0.258373400176997
0.136426994265799 -0.259272785696724
0.136426994265799 -0.268137999493516
0.136426994265799 -0.228080749290076
0.729988500192561 -0.257382836501963
0.729988500192561 -0.272721653024077
0.729988500192561 -0.232294737375426
0.729988500192561 -0.25369265275593
0.729988500192561 -0.273210335905593
0.729988500192561 -0.26282610018685
0.729988500192561 -0.297381914772572
0.729988500192561 -0.340190075988025
0.729988500192561 -0.33843161714101
0.729988500192561 -0.345676780626185
0.729988500192561 -0.366583295776273
0.729988500192561 -0.382918642284854
0.729988500192561 -0.353019561155786
0.729988500192561 -0.374281950067805
0.729988500192561 -0.394052483178387
0.729988500192561 -0.363589747692657
0.729988500192561 -0.399217608019786
0.729988500192561 -0.404721691959939
0.729988500192561 -0.390339366278526
0.729988500192561 -0.417801396091482
0.729988500192561 -0.411919834268331
0.729988500192561 -0.422602803182081
0.729988500192561 -0.407188379273925
0.729988500192561 -0.387865256521819
0.729988500192561 -0.410855811522234
0.729988500192561 -0.432907279169802
0.729988500192561 -0.403762601184689
0.729988500192561 -0.406099535653323
0.729988500192561 -0.437771036496424
0.729988500192561 -0.430529934877439
0.729988500192561 -0.385593862426947
0.729988500192561 -0.418256303129314
0.729988500192561 -0.410418010399308
0.729988500192561 -0.422728880138232
0.729988500192561 -0.410068670387294
0.729988500192561 -0.40134131849997
0.729988500192561 -0.42255972181095
0.729988500192561 -0.430268172950288
0.729988500192561 -0.402898639737141
0.729988500192561 -0.386148830563411
0.729988500192561 -0.434857418531409
0.729988500192561 -0.424608259537486
0.729988500192561 -0.398474930687287
0.729988500192561 -0.40731396301099
0.729988500192561 -0.440084869135838
0.729988500192561 -0.406497865933549
0.729988500192561 -0.428495428245846
0.729988500192561 -0.422024391590428
0.729988500192561 -0.442006081746045
0.729988500192561 -0.408349616859639
0.729988500192561 -0.438174601528802
0.729988500192561 -0.403247378674069
0.729988500192561 -0.40925642360192
0.729988500192561 -0.388299162802614
0.729988500192561 -0.427188331684624
0.729988500192561 -0.394907532576296
0.729988500192561 -0.435491608470412
0.729988500192561 -0.437121666829647
0.729988500192561 -0.395537083542637
0.729988500192561 -0.425027145221522
0.729988500192561 -0.438658460519366
0.729988500192561 -0.385019446969238
0.729988500192561 -0.429523965515188
0.729988500192561 -0.432628619622343
0.729988500192561 -0.393100497484878
0.729988500192561 -0.428808059499688
0.729988500192561 -0.438083749333779
0.729988500192561 -0.384248520007988
0.729988500192561 -0.416166261677015
0.729988500192561 -0.409851336266825
0.729988500192561 -0.422450561521875
0.729988500192561 -0.440392488735048
0.729988500192561 -0.442805866251971
0.729988500192561 -0.387796154876522
0.729988500192561 -0.417036761952529
0.729988500192561 -0.40148591258408
0.729988500192561 -0.387048702462604
0.729988500192561 -0.442594758700763
0.729988500192561 -0.427981090729752
0.729988500192561 -0.414966760877135
0.729988500192561 -0.409500794393807
0.729988500192561 -0.398049896399462
0.729988500192561 -0.428502721972562
0.729988500192561 -0.419369344490984
0.729988500192561 -0.438948612783231
0.729988500192561 -0.431472063557594
0.729988500192561 -0.390219354595082
0.729988500192561 -0.404110548720533
0.729988500192561 -0.405502559199382
0.729988500192561 -0.442645230941466
0.729988500192561 -0.432513284315001
0.729988500192561 -0.442095018444064
0.729988500192561 -0.395911580513457
0.729988500192561 -0.425505297274568
0.729988500192561 -0.414400335130316
0.729988500192561 -0.414000703909818
0.729988500192561 -0.439973583290077
0.729988500192561 -0.40074505328644
0.729988500192561 -0.443562927814426
0.729988500192561 -0.400515766070495
-0.422832944808901 -0.415943505080099
-0.422832944808901 -0.401396571057774
-0.422832944808901 -0.396261016123804
-0.422832944808901 -0.443069206836109
-0.422832944808901 -0.419906986179296
-0.422832944808901 -0.406241892852807
-0.422832944808901 -0.328065769254864
-0.422832944808901 -0.323313432841376
-0.422832944808901 -0.208718458385841
-0.422832944808901 -0.174896749473808
-0.422832944808901 -0.0748745786996785
-0.422832944808901 0.0220569031322905
-0.422832944808901 0.174481939116569
-0.422832944808901 0.255585759360465
-0.422832944808901 0.39013087998852
-0.422832944808901 0.513999793422539
-0.422832944808901 0.615674381937212
-0.422832944808901 0.736133078142965
-0.422832944808901 0.881495857649454
-0.422832944808901 0.934102070136229
-0.422832944808901 1.06095883277291
-0.422832944808901 1.11795453209665
-0.422832944808901 1.23084769695823
-0.422832944808901 1.30018630303107
-0.422832944808901 1.36160480165278
-0.422832944808901 1.41884461239894
-0.422832944808901 1.43054967476441
-0.422832944808901 1.48901624310646
-0.422832944808901 1.53843094743852
-0.422832944808901 1.57912004430183
-0.422832944808901 1.60323908217475
-0.422832944808901 1.6187235023899
-0.422832944808901 1.65074804341729
-0.422832944808901 1.65577147104374
-0.422832944808901 1.69421371963346
-0.422832944808901 1.68841547624545
-0.422832944808901 1.75915008682459
-0.422832944808901 1.72293001809798
-0.422832944808901 1.73839577260202
-0.422832944808901 1.73812427056615
-0.422832944808901 1.79673244157516
-0.422832944808901 1.78621357779297
-0.422832944808901 1.80551897196699
-0.422832944808901 1.81297396807594
-0.422832944808901 1.76460998402166
-0.422832944808901 1.79433769402595
-0.422832944808901 1.79589515495194
-0.422832944808901 1.80268354759515
-0.422832944808901 1.83055267870656
-0.422832944808901 1.83251272018704
-0.422832944808901 1.818088981935
-0.422832944808901 1.83397339827646
-0.422832944808901 1.8235849478512
-0.422832944808901 1.80591964751097
-0.422832944808901 1.79941603885754
-0.422832944808901 1.79720005029162
-0.422832944808901 1.78802641693166
-0.422832944808901 1.81783802714517
-0.422832944808901 1.81798893351817
-0.422832944808901 1.80634337636046
-0.422832944808901 1.83619783144636
-0.422832944808901 1.83591760479674
-0.422832944808901 1.80893921660791
-0.422832944808901 1.82028095309188
-0.422832944808901 1.81548669304467
-0.422832944808901 1.81448665371111
-0.422832944808901 1.8224465311342
-0.422832944808901 1.83820638857664
-0.422832944808901 1.81550808363159
-0.422832944808901 1.83098527054999
-0.422832944808901 1.8109503240106
-0.422832944808901 1.81739778120922
-0.422832944808901 1.80000318480544
-0.422832944808901 1.83588448721664
-0.422832944808901 1.82423799591139
-0.422832944808901 1.81612128160899
-0.422832944808901 1.82317694097547
-0.422832944808901 1.7972752035142
-0.422832944808901 1.82881413036681
-0.422832944808901 1.83122148862527
-0.422832944808901 1.81354666586088
-0.422832944808901 1.80682366421147
-0.422832944808901 1.81510620681163
-0.422832944808901 1.79539647059726
-0.422832944808901 1.80395727506438
-0.422832944808901 1.8003041823125
-0.422832944808901 1.83478534834335
-0.422832944808901 1.83667405087589
-0.422832944808901 1.7932518080903
-0.422832944808901 1.83319292748145
-0.422832944808901 1.85023912901511
-0.422832944808901 1.83309222841105
-0.422832944808901 1.79472792897647
-0.422832944808901 1.79627665933899
-0.422832944808901 1.81862241864912
-0.422832944808901 1.80192923160158
-0.422832944808901 1.81322368709165
-0.422832944808901 1.80994704184632
-0.422832944808901 1.85145157315002
-0.422832944808901 1.80922816113885
-0.881087043572587 1.81751246501574
-0.881087043572587 1.80937562197018
-0.881087043572587 1.84010511133608
-0.881087043572587 1.83590692643385
-0.881087043572587 1.85535098401153
-0.881087043572587 1.86229697529521
-0.881087043572587 1.92236172342253
-0.881087043572587 1.95802857876414
-0.881087043572587 2.00148688052812
-0.881087043572587 2.08320984331252
-0.881087043572587 2.11909811665974
-0.881087043572587 2.14741273751957
-0.881087043572587 2.22110501605127
-0.881087043572587 2.22585477003703
-0.881087043572587 2.26837625981232
-0.881087043572587 2.28138668392287
-0.881087043572587 2.33822374990986
-0.881087043572587 2.31073424596296
-0.881087043572587 2.35191199907736
-0.881087043572587 2.34557793821868
-0.881087043572587 2.39455541593312
-0.881087043572587 2.39635161193256
-0.881087043572587 2.43060192284216
-0.881087043572587 2.42303372355516
-0.881087043572587 2.40676833532576
-0.881087043572587 2.42476538832329
-0.881087043572587 2.44236854457256
-0.881087043572587 2.44492846587286
-0.881087043572587 2.41779850165568
-0.881087043572587 2.46025781986517
-0.881087043572587 2.4703524465549
-0.881087043572587 2.46256492004595
-0.881087043572587 2.46692702942048
-0.881087043572587 2.43236848784598
-0.881087043572587 2.45158325531234
-0.881087043572587 2.43330245604498
-0.881087043572587 2.47882514476698
-0.881087043572587 2.44381182235805
-0.881087043572587 2.45430046932413
-0.881087043572587 2.43945735712988
-0.881087043572587 2.48455073841282
-0.881087043572587 2.4457698862869
-0.881087043572587 2.48354543183266
-0.881087043572587 2.49543957234313
-0.881087043572587 2.46025147934488
-0.881087043572587 2.48629367691255
-0.881087043572587 2.44736122181255
-0.881087043572587 2.49155588278553
-0.881087043572587 2.46869026953298
-0.881087043572587 2.44851848658914
-0.881087043572587 2.48018901817136
-0.881087043572587 2.4764710446738
-0.881087043572587 2.47607986112552
-0.881087043572587 2.48605958729284
-0.881087043572587 2.45630633246335
-0.881087043572587 2.49850493505146
-0.881087043572587 2.46727857821119
-0.881087043572587 2.46592723484266
-0.881087043572587 2.47016097753179
-0.881087043572587 2.4437238318552
-0.881087043572587 2.46686966703897
-0.881087043572587 2.45452519880527
-0.881087043572587 2.45230865608625
-0.881087043572587 2.47112194393946
-0.881087043572587 2.47878773637641
-0.881087043572587 2.44867266047398
-0.881087043572587 2.45629348806219
-0.881087043572587 2.48359583003597
-0.881087043572587 2.47055905382079
-0.881087043572587 2.45020635097206
-0.881087043572587 2.46229747328048
-0.881087043572587 2.44778349843103
-0.881087043572587 2.48370812067806
-0.881087043572587 2.45691081182921
-0.881087043572587 2.4813088546046
-0.881087043572587 2.48117741222783
-0.881087043572587 2.456241591723
-0.881087043572587 2.46954958226429
-0.881087043572587 2.46952933542206
-0.881087043572587 2.46497862817354
-0.881087043572587 2.49273235493064
-0.881087043572587 2.49307902439097
-0.881087043572587 2.46247307565257
-0.881087043572587 2.47567744690324
-0.881087043572587 2.4889204339037
-0.881087043572587 2.4854283800576
-0.881087043572587 2.45279710699395
-0.881087043572587 2.45164872863991
-0.881087043572587 2.45537344050422
-0.881087043572587 2.49298495813222
-0.881087043572587 2.46657253434549
-0.881087043572587 2.45836330099958
-0.881087043572587 2.46664591392052
-0.881087043572587 2.47585220818696
-0.881087043572587 2.48349757606121
-0.881087043572587 2.45128602015403
-0.881087043572587 2.49399006934059
-0.881087043572587 2.46186888129076
-0.881087043572587 2.49468526488919
-0.881087043572587 2.47500229556362
0.0164833275851697 2.46768930877933
0.0164833275851697 2.46932639937955
0.0164833275851697 2.48480327734398
0.0164833275851697 2.47576991005521
0.0164833275851697 2.32741988404736
0.0164833275851697 1.98004846515143
0.0164833275851697 1.6554313618171
0.0164833275851697 1.34200078284321
0.0164833275851697 1.05536346701996
0.0164833275851697 0.828823252186431
0.0164833275851697 0.64471971479327
0.0164833275851697 0.534075840001318
0.0164833275851697 0.449652869135371
0.0164833275851697 0.359048864044492
0.0164833275851697 0.298977272715694
0.0164833275851697 0.216867341481467
0.0164833275851697 0.160969985716857
0.0164833275851697 0.167163812303489
0.0164833275851697 0.138908856686729
0.0164833275851697 0.0720077303096818
0.0164833275851697 0.092159003439796
0.0164833275851697 0.0755716899988882
0.0164833275851697 0.0616085632471297
0.0164833275851697 0.0505618604561801
0.0164833275851697 0.0266820995741477
0.0164833275851697 0.0121643950532734
0.0164833275851697 0.0093640698918734
0.0164833275851697 -0.0245124564486344
0.0164833275851697 0.00986765293187572
0.0164833275851697 -0.0263415380425565
0.0164833275851697 0.000301383173624756
0.0164833275851697 0.00192821982013293
0.0164833275851697 -0.0046534607548372
0.0164833275851697 -0.0352791706996436
0.0164833275851697 -0.045024580512495
0.0164833275851697 -0.0536082175971436
0.0164833275851697 -0.0134726924117965
0.0164833275851697 -0.0324079598313093
0.0164833275851697 -0.0375633857203285
0.0164833275851697 -0.0304125131847068
0.0164833275851697 -0.0476918745374802
0.0164833275851697 -0.0550133707057477
0.0164833275851697 -0.0297026615281982
0.0164833275851697 -0.0394506186671979
0.0164833275851697 -0.0629508189243546
0.0164833275851697 -0.0657672510831141
0.0164833275851697 -0.0266414928268129
0.0164833275851697 -0.0557698704122895
0.0164833275851697 -0.0284952117390441
0.0164833275851697 -0.0380499233807123
0.0164833275851697 -0.0249378433369972
0.0164833275851697 -0.0275402421311596
0.0164833275851697 -0.0378085886584924
0.0164833275851697 -0.0554762584692418
0.0164833275851697 -0.0509473996398384
0.0164833275851697 -0.0259939464405395
0.0164833275851697 -0.0383077159278914
0.0164833275851697 -0.0651123659367165
0.0164833275851697 -0.0364029187964982
0.0164833275851697 -0.0471564342815237
0.0164833275851697 -0.0464955854115597
0.0164833275851697 -0.064761701391816
0.0164833275851697 -0.0518575175069603
0.0164833275851697 -0.0505215680006167
0.0164833275851697 -0.0361202850982049
0.0164833275851697 -0.0319429062754229
0.0164833275851697 -0.0594957666285274
0.0164833275851697 -0.0633789793591662
0.0164833275851697 -0.065047778398155
0.0164833275851697 -0.0570069695393213
0.0164833275851697 -0.07037712504581
0.0164833275851697 -0.0214660868258242
0.0164833275851697 -0.0288352971902366
0.0164833275851697 -0.0477192223831027
0.0164833275851697 -0.0637386894159436
0.0164833275851697 -0.0396474962069844
0.0164833275851697 -0.0240682574403909
0.0164833275851697 -0.0507201175414659
0.0164833275851697 -0.0441250099112243
0.0164833275851697 -0.0456010910381249
0.0164833275851697 -0.0297925384685178
0.0164833275851697 -0.024043153055604
0.0164833275851697 -0.0592518666918923
0.0164833275851697 -0.0546046557040248
0.0164833275851697 -0.0137195609099577
0.0164833275851697 -0.0302899375509808
0.0164833275851697 -0.0485024838046833
0.0164833275851697 -0.0499259748126034
0.0164833275851697 -0.052623254517662
0.0164833275851697 -0.0285458477057481
0.0164833275851697 -0.0399969324071242
0.0164833275851697 -0.0393751069079985
0.0164833275851697 -0.0642776437023798
0.0164833275851697 -0.0314836030449417
0.0164833275851697 -0.0552742965475379
0.0164833275851697 -0.0173448471009902
0.0164833275851697 -0.0651243130158733
0.0164833275851697 -0.0271352297507593
0.0164833275851697 -0.0459278082159422
0.0164833275851697 -0.0192581156316217
0.699453227749126 -0.0215902399163081
0.699453227749126 -0.0335742842946212
0.699453227749126 -0.0141564766680692
0.699453227749126 -0.0207105177805797
0.699453227749126 -0.0656094264682549
0.699453227749126 -0.0848548638030182
0.699453227749126 -0.169491648927343
0.699453227749126 -0.196246790806142
0.699453227749126 -0.216709574699854
0.699453227749126 -0.279916774819841
0.699453227749126 -0.276177729384224
0.699453227749126 -0.312443422511056
0.699453227749126 -0.360206169039643
0.699453227749126 -0.335462651162769
0.699453227749126 -0.381594962878262
0.699453227749126 -0.346615461648112
0.699453227749126 -0.401827733394689
0.699453227749126 -0.389015460559849
0.699453227749126 -0.363186101981176
0.699453227749126 -0.388724492539549
0.699453227749126 -0.387822361410357
0.699453227749126 -0.383866760471419
0.699453227749126 -0.376559655440017
0.699453227749126 -0.417809075864256
0.699453227749126 -0.409030955315856
0.699453227749126 -0.385598523112709
0.699453227749126 -0.405142137574106
0.699453227749126 -0.430057197556453
0.699453227749126 -0.413218760412809
0.699453227749126 -0.383886016634579
0.699453227749126 -0.429293870727017
0.699453227749126 -0.393224229394005
0.699453227749126 -0.380878323337905
0.699453227749126 -0.430611319908658
0.699453227749126 -0.386055841156371
0.699453227749126 -0.419428265306686
0.699453227749126 -0.399510786631853
0.699453227749126 -0.43688204602709
0.699453227749126 -0.420010884221336
0.699453227749126 -0.390118109720819
0.699453227749126 -0.414812142996374
0.699453227749126 -0.435634165476003
0.699453227749126 -0.411079413013029
0.699453227749126 -0.416876179994624
0.699453227749126 -0.395337002909505
0.699453227749126 -0.387402307387169
0.699453227749126 -0.401741834891068
0.699453227749126 -0.40694623432477
0.699453227749126 -0.412390685665053
0.699453227749126 -0.390855930645807
0.699453227749126 -0.420522579041681
0.699453227749126 -0.407315362150458
0.699453227749126 -0.43909516939509
0.699453227749126 -0.398388681743301
0.699453227749126 -0.418961810074239
0.699453227749126 -0.429697690260512
0.699453227749126 -0.432963994344524
0.699453227749126 -0.406961856076806
0.699453227749126 -0.434487111143538
0.699453227749126 -0.442164406386021
0.699453227749126 -0.393262469817423
0.699453227749126 -0.431555924041362
0.699453227749126 -0.438015520224496
0.699453227749126 -0.437327314150128
0.699453227749126 -0.397519699847301
0.699453227749126 -0.387308614624768
0.699453227749126 -0.436285828392156
0.699453227749126 -0.405077476199782
0.699453227749126 -0.393218385641382
0.699453227749126 -0.437492147543415
0.699453227749126 -0.441633859316915
0.699453227749126 -0.38885057665002
0.699453227749126 -0.413839254893171
0.699453227749126 -0.393956672129825
0.699453227749126 -0.387169717772697
0.699453227749126 -0.434518776462631
0.699453227749126 -0.434268277334479
0.699453227749126 -0.390395217154861
0.699453227749126 -0.424236508425418
0.699453227749126 -0.432554176695742
0.699453227749126 -0.392353872851839
0.699453227749126 -0.414795880078216
0.699453227749126 -0.410697507391721
0.699453227749126 -0.383646445412467
0.699453227749126 -0.436132170828463
0.699453227749126 -0.404596111768877
0.699453227749126 -0.434952973971182
0.699453227749126 -0.388669661532832
0.699453227749126 -0.387665488969951
0.699453227749126 -0.409508851351231
0.699453227749126 -0.42321480483434
0.699453227749126 -0.388038780403422
0.699453227749126 -0.41678483325753
0.699453227749126 -0.395822838438364
0.699453227749126 -0.428901675860082
0.699453227749126 -0.427982982660842
0.699453227749126 -0.43915329212046
0.699453227749126 -0.41074572888636
0.699453227749126 -0.41359401591754
0.699453227749126 -0.394824589440967
0.862941391927606 -0.402192287802329
0.862941391927606 -0.400966032235446
0.862941391927606 -0.421473394574289
0.862941391927606 -0.409489128327451
0.862941391927606 -0.411046450811334
0.862941391927606 -0.420045612993236
0.862941391927606 -0.398259399204145
0.862941391927606 -0.402792153059358
0.862941391927606 -0.408356671085884
0.862941391927606 -0.439742571569332
0.862941391927606 -0.435235341789443
0.862941391927606 -0.425147025498132
0.862941391927606 -0.392201308297895
0.862941391927606 -0.397339992941473
0.862941391927606 -0.40444965511785
0.862941391927606 -0.420949907415985
0.862941391927606 -0.387830343177883
0.862941391927606 -0.393992334536303
0.862941391927606 -0.42186620540759
0.862941391927606 -0.404439510729966
0.862941391927606 -0.417284988115822
0.862941391927606 -0.436317310230011
0.862941391927606 -0.430983248566715
0.862941391927606 -0.432349403574146
0.862941391927606 -0.410551447093279
0.862941391927606 -0.426106374279462
0.862941391927606 -0.443930626667077
0.862941391927606 -0.409355125689326
0.862941391927606 -0.412777324352722
0.862941391927606 -0.409235226984777
0.862941391927606 -0.416368186892429
0.862941391927606 -0.385788134271663
0.862941391927606 -0.427000020837052
0.862941391927606 -0.429323144351361
0.862941391927606 -0.433311489661287
0.862941391927606 -0.393991946485963
0.862941391927606 -0.437929155803848
0.862941391927606 -0.396581258842376
0.862941391927606 -0.394066316860881
0.862941391927606 -0.415800859591222
0.862941391927606 -0.393303073407945
0.862941391927606 -0.403015458422168
0.862941391927606 -0.407873228279973
0.862941391927606 -0.407764443590889
0.862941391927606 -0.390356411620868
0.862941391927606 -0.386649959798335
0.862941391927606 -0.405487412532864
0.862941391927606 -0.436821592017505
0.862941391927606 -0.443656443099257
0.862941391927606 -0.432810193238924
0.862941391927606 -0.425579766892926
0.862941391927606 -0.412161284841867
0.862941391927606 -0.421781865987467
0.862941391927606 -0.442744595033921
0.862941391927606 -0.415620546208081
0.862941391927606 -0.418991577784253
0.862941391927606 -0.42718492038359
0.862941391927606 -0.394085680207735
0.862941391927606 -0.413284762325842
0.862941391927606 -0.424406364157716
0.862941391927606 -0.440518726483155
0.862941391927606 -0.421268554341696
0.862941391927606 -0.417805513675276
0.862941391927606 -0.432324697360909
0.862941391927606 -0.441495150659635
0.862941391927606 -0.402286463411315
0.862941391927606 -0.432863896112787
0.862941391927606 -0.427846066704559
0.862941391927606 -0.411106808879612
0.862941391927606 -0.399978773104909
0.862941391927606 -0.396391472733735
0.862941391927606 -0.416507162981761
0.862941391927606 -0.417472088869695
0.862941391927606 -0.415636666773483
0.862941391927606 -0.400191294186981
0.862941391927606 -0.42806366382082
0.862941391927606 -0.396822386515488
0.862941391927606 -0.403493363143431
0.862941391927606 -0.445356042693129
0.862941391927606 -0.436205379783714
0.862941391927606 -0.406125273669013
0.862941391927606 -0.394177923238841
0.862941391927606 -0.422057535324931
0.862941391927606 -0.404146984532527
0.862941391927606 -0.386802637381756
0.862941391927606 -0.390553782742825
0.862941391927606 -0.41474284775497
0.862941391927606 -0.407646258207089
0.862941391927606 -0.42285719951257
0.862941391927606 -0.440220756637888
0.862941391927606 -0.431775576607456
0.862941391927606 -0.440621552987589
0.862941391927606 -0.386397081461628
0.862941391927606 -0.417954210711366
0.862941391927606 -0.399712649589396
0.862941391927606 -0.400829929157304
0.862941391927606 -0.417465458759507
0.862941391927606 -0.418773001465598
0.862941391927606 -0.397440244620269
0.862941391927606 -0.409696654885469
-0.937474949709585 -0.420054426402962
-0.937474949709585 -0.426935832181795
-0.937474949709585 -0.427086151563163
-0.937474949709585 -0.402529895352163
-0.937474949709585 -0.395248200160592
-0.937474949709585 -0.378419403109374
-0.937474949709585 -0.318562715491954
-0.937474949709585 -0.310235793568468
-0.937474949709585 -0.185272118701678
-0.937474949709585 -0.107368290793454
-0.937474949709585 -0.0298200507460482
-0.937474949709585 0.152367584566145
-0.937474949709585 0.28651983348044
-0.937474949709585 0.399194846429878
-0.937474949709585 0.566905935368778
-0.937474949709585 0.710022476172147
-0.937474949709585 0.864186810399074
-0.937474949709585 1.02185272663385
-0.937474949709585 1.18150648642305
-0.937474949709585 1.29636971725892
-0.937474949709585 1.45259043295677
-0.937474949709585 1.53139514605263
-0.937474949709585 1.66595573365266
-0.937474949709585 1.71367018385621
-0.937474949709585 1.84540725832819
-0.937474949709585 1.89709106590971
-0.937474949709585 1.96279922273476
-0.937474949709585 2.04851673800387
-0.937474949709585 2.12287108884165
-0.937474949709585 2.14889856774072
-0.937474949709585 2.20904118021223
-0.937474949709585 2.22635155585715
-0.937474949709585 2.25315152738979
-0.937474949709585 2.29008740327029
-0.937474949709585 2.30052347766301
-0.937474949709585 2.34652774403943
-0.937474949709585 2.34970030239199
-0.937474949709585 2.35043673293623
-0.937474949709585 2.39214978246304
-0.937474949709585 2.37762103360185
-0.937474949709585 2.43799470071609
-0.937474949709585 2.41067618463437
-0.937474949709585 2.44309384729827
-0.937474949709585 2.45707568968755
-0.937474949709585 2.41745778093283
-0.937474949709585 2.43353606830409
-0.937474949709585 2.46057408347125
-0.937474949709585 2.47815491308514
-0.937474949709585 2.47334686116358
-0.937474949709585 2.43808595975188
-0.937474949709585 2.47904722292686
-0.937474949709585 2.49427915507954
-0.937474949709585 2.44594024007052
-0.937474949709585 2.45012342160478
-0.937474949709585 2.46971736764541
-0.937474949709585 2.50085269210229
-0.937474949709585 2.48860642515207
-0.937474949709585 2.49885626870395
-0.937474949709585 2.50238692393823
-0.937474949709585 2.48886527706373
-0.937474949709585 2.48605450691551
-0.937474949709585 2.47976309457891
-0.937474949709585 2.47932747832468
-0.937474949709585 2.45835232223078
-0.937474949709585 2.45534286450629
-0.937474949709585 2.50234941234973
-0.937474949709585 2.49467066417712
-0.937474949709585 2.47117013341666
-0.937474949709585 2.46623207148437
-0.937474949709585 2.47847104169132
-0.937474949709585 2.49294402732293
-0.937474949709585 2.468707941031
-0.937474949709585 2.45764915803894
-0.937474949709585 2.46070991165085
-0.937474949709585 2.47485792012672
-0.937474949709585 2.49194944270587
-0.937474949709585 2.48128393301696
-0.937474949709585 2.50957393526972
-0.937474949709585 2.4871916480014
-0.937474949709585 2.50558117238465
-0.937474949709585 2.48684127897737
-0.937474949709585 2.47960155280193
-0.937474949709585 2.46823614781006
-0.937474949709585 2.49916552514618
-0.937474949709585 2.47781753736827
-0.937474949709585 2.48918542164414
-0.937474949709585 2.49429836993081
-0.937474949709585 2.50117242102141
-0.937474949709585 2.48302483495822
-0.937474949709585 2.45721756588894
-0.937474949709585 2.46777349789567
-0.937474949709585 2.47156301395085
-0.937474949709585 2.48697410809722
-0.937474949709585 2.4709203517275
-0.937474949709585 2.49423479937487
-0.937474949709585 2.49761029472363
-0.937474949709585 2.50165268817483
-0.937474949709585 2.47168116899319
-0.937474949709585 2.46774196550076
-0.937474949709585 2.5064333255922
0.273947148634902 2.46879150464924
0.273947148634902 2.49925210549635
0.273947148634902 2.49189195331749
0.273947148634902 2.46504218301217
0.273947148634902 2.2414276293637
0.273947148634902 1.73822100746388
0.273947148634902 1.24370506070149
0.273947148634902 0.855929683958395
0.273947148634902 0.572753767580229
0.273947148634902 0.328209412604521
0.273947148634902 0.162136106794521
0.273947148634902 0.0487048726959018
0.273947148634902 -0.0433896210367769
0.273947148634902 -0.0731108657663315
0.273947148634902 -0.120007398229456
0.273947148634902 -0.172841874100225
0.273947148634902 -0.239450794904104
0.273947148634902 -0.220132078670548
0.273947148634902 -0.271389422781132
0.273947148634902 -0.261782855080186
0.273947148634902 -0.260720872826066
0.273947148634902 -0.320209095244132
0.273947148634902 -0.316555163568664
0.273947148634902 -0.295282766283639
0.273947148634902 -0.316312666718991
0.273947148634902 -0.315440728823895
0.273947148634902 -0.349553288211014
0.273947148634902 -0.326662832882007
0.273947148634902 -0.305960462264919
0.273947148634902 -0.322305847163103
0.273947148634902 -0.312775194259267
0.273947148634902 -0.366878663978151
0.273947148634902 -0.328189322871357
0.273947148634902 -0.368176836064694
0.273947148634902 -0.330889936749827
0.273947148634902 -0.37259002605282
0.273947148634902 -0.341116010426498
0.273947148634902 -0.358942520918342
0.273947148634902 -0.35280119741643
0.273947148634902 -0.320735367768372
0.273947148634902 -0.366838875743281
0.273947148634902 -0.349535809077478
0.273947148634902 -0.374179086936666
0.273947148634902 -0.329417074109601
0.273947148634902 -0.341475618669163
0.273947148634902 -0.379927740622096
0.273947148634902 -0.323104112658562
0.273947148634902 -0.367330308123943
0.273947148634902 -0.367138212904535
0.273947148634902 -0.334374985746309
0.273947148634902 -0.321638768540964
0.273947148634902 -0.348466762831513
0.273947148634902 -0.375210851831448
0.273947148634902 -0.378071465341334
0.273947148634902 -0.367919254171879
0.273947148634902 -0.362991120113582
0.273947148634902 -0.332880336957122
0.273947148634902 -0.330301857648548
0.273947148634902 -0.373034604184863
0.273947148634902 -0.368942855293859
0.273947148634902 -0.380151945243136
0.273947148634902 -0.361562095094485
0.273947148634902 -0.341218374105961
0.273947148634902 -0.324497354791539
0.273947148634902 -0.37883068591975
0.273947148634902 -0.339145887219351
0.273947148634902 -0.36795832974616
0.273947148634902 -0.372266929914598
0.273947148634902 -0.337249631058981
0.273947148634902 -0.323623603756815
0.273947148634902 -0.359675860928098
0.273947148634902 -0.342583851864821
0.273947148634902 -0.341007614967037
0.273947148634902 -0.37430548420017
0.273947148634902 -0.323857694180232
0.273947148634902 -0.367365032382771
0.273947148634902 -0.349950284460721
0.273947148634902 -0.332031654713007
0.273947148634902 -0.340982574628798
0.273947148634902 -0.350893521869729
0.273947148634902 -0.357337513587355
0.273947148634902 -0.37321893240113
0.273947148634902 -0.367199496408645
0.273947148634902 -0.339995274729326
0.273947148634902 -0.356828022169374
0.273947148634902 -0.372789949668681
0.273947148634902 -0.333126708589349
0.273947148634902 -0.376166096778318
0.273947148634902 -0.329533879744838
0.273947148634902 -0.351003223297549
0.273947148634902 -0.372109116339863
0.273947148634902 -0.337181468633661
0.273947148634902 -0.356118043129007
0.273947148634902 -0.372470856878737
0.273947148634902 -0.376832237035891
0.273947148634902 -0.330096038450145
0.273947148634902 -0.335304830567887
0.273947148634902 -0.365912278254404
0.273947148634902 -0.364854304691291
0.273947148634902 -0.345514194036547
-0.382331610076532 -0.3790941688518
-0.382331610076532 -0.331800517548125
-0.382331610076532 -0.323805367937059
-0.382331610076532 -0.3369278012637
-0.382331610076532 -0.314487339974471
-0.382331610076532 -0.332410639606539
-0.382331610076532 -0.237057755593961
-0.382331610076532 -0.180222071025655
-0.382331610076532 -0.11471457933266
-0.382331610076532 -0.00517371092693081
-0.382331610076532 0.0458902366903222
-0.382331610076532 0.197751893355342
-0.382331610076532 0.249340765285567
-0.382331610076532 0.383038191134879
-0.382331610076532 0.503657855609151
-0.382331610076532 0.611426369481895
-0.382331610076532 0.709028717839697
-0.382331610076532 0.805114168859208
-0.382331610076532 0.881815593370141
-0.382331610076532 0.965848656232508
-0.382331610076532 1.08253711707035
-0.382331610076532 1.14321616556373
-0.382331610076532 1.18805682671376
-0.382331610076532 1.23387942622932
-0.382331610076532 1.28890539645186
-0.382331610076532 1.33689806004974
-0.382331610076532 1.41321970430436
-0.382331610076532 1.45465841245552
-0.382331610076532 1.43176200806677
-0.382331610076532 1.47528886269996
-0.382331610076532 1.48414539921828
-0.382331610076532 1.53804242756419
-0.382331610076532 1.53402224535166
-0.382331610076532 1.56082267696903
-0.382331610076532 1.58010143631359
-0.382331610076532 1.57872555779295
-0.382331610076532 1.60517965954458
-0.382331610076532 1.63049797032017
-0.382331610076532 1.59792200254439
-0.382331610076532 1.6427819625614
-0.382331610076532 1.63278172259487
-0.382331610076532 1.66933806640779
-0.382331610076532 1.64213472217177
-0.382331610076532 1.65067036097219
-0.382331610076532 1.6270516954282
-0.382331610076532 1.6830330664479
-0.382331610076532 1.66485809600964
-0.382331610076532 1.65682530012757
-0.382331610076532 1.68645744460317
-0.382331610076532 1.687989970311
-0.382331610076532 1.64271061809519
-0.382331610076532 1.65186470348874
-0.382331610076532 1.67378192468897
-0.382331610076532 1.6498579864034
-0.382331610076532 1.65537132057711
-0.382331610076532 1.65060186010059
-0.382331610076532 1.67132938514073
-0.382331610076532 1.67897377053121
-0.382331610076532 1.66673806968445
-0.382331610076532 1.64791852397236
-0.382331610076532 1.66363914537188
-0.382331610076532 1.67471456688789
-0.382331610076532 1.70278543011684
-0.382331610076532 1.64981546904049
-0.382331610076532 1.68151782959748
-0.382331610076532 1.68010605025701
-0.382331610076532 1.69049526776086
-0.382331610076532 1.67228198960512
-0.382331610076532 1.65303681584966
-0.382331610076532 1.65740413591332
-0.382331610076532 1.69674453101331
-0.382331610076532 1.7010735462281
-0.382331610076532 1.65102754398075
-0.382331610076532 1.67484795210356
-0.382331610076532 1.66299518895123
-0.382331610076532 1.691308631527
-0.382331610076532 1.68844385289068
-0.382331610076532 1.66090143749483
-0.382331610076532 1.69095659351467
-0.382331610076532 1.69535434685592
-0.382331610076532 1.66905599914239
-0.382331610076532 1.70133274402331
-0.382331610076532 1.64586013283608
-0.382331610076532 1.68178451457339
-0.382331610076532 1.65447690365546
-0.382331610076532 1.66783310013468
-0.382331610076532 1.67045685675332
-0.382331610076532 1.68584882982833
-0.382331610076532 1.66815988525268
-0.382331610076532 1.6602294245372
-0.382331610076532 1.69112985379679
-0.382331610076532 1.65592867531983
-0.382331610076532 1.70491533199574
-0.382331610076532 1.6642819260353
-0.382331610076532 1.65224957081356
-0.382331610076532 1.69164127881832
-0.382331610076532 1.70275001266256
-0.382331610076532 1.66856015556791
-0.382331610076532 1.68555486487729
-0.382331610076532 1.662831105422
0.254735400783596 1.65877589789522
0.254735400783596 1.69546237302517
0.254735400783596 1.66841329948013
0.254735400783596 1.68236628964225
0.254735400783596 1.53437885294091
0.254735400783596 1.22144480298656
0.254735400783596 0.864746767510227
0.254735400783596 0.608620332051208
0.254735400783596 0.37521242713053
0.254735400783596 0.216328761928793
0.254735400783596 0.0855242119202303
0.254735400783596 0.00888569658076772
0.254735400783596 -0.0604457985561916
0.254735400783596 -0.0983162891790716
0.254735400783596 -0.157447471416043
0.254735400783596 -0.212240238472853
0.254735400783596 -0.24297070653086
0.254735400783596 -0.261525619551115
0.254735400783596 -0.243200319677571
0.254735400783596 -0.297295973451244
0.254735400783596 -0.308444686703471
0.254735400783596 -0.306745378840986
0.254735400783596 -0.320427638525983
0.254735400783596 -0.324640327351597
0.254735400783596 -0.302621073494881
0.254735400783596 -0.298691241752247
0.254735400783596 -0.349339567667229
0.254735400783596 -0.294086625825453
0.254735400783596 -0.355422368529677
0.254735400783596 -0.3095838427765
0.254735400783596 -0.353788052268956
0.254735400783596 -0.306863284624862
0.254735400783596 -0.361807787578644
0.254735400783596 -0.32841157361546
0.254735400783596 -0.322665051806792
0.254735400783596 -0.362231507591861
0.254735400783596 -0.324277180329118
0.254735400783596 -0.313463114233039
0.254735400783596 -0.327196224321417
0.254735400783596 -0.316367553101925
0.254735400783596 -0.333914325456343
0.254735400783596 -0.311838074036025
0.254735400783596 -0.322280521148084
0.254735400783596 -0.313025328593205
0.254735400783596 -0.344899483869806
0.254735400783596 -0.32956700417231
0.254735400783596 -0.335209957837521
0.254735400783596 -0.34833348003262
0.254735400783596 -0.364091864471066
0.254735400783596 -0.333240400099123
0.254735400783596 -0.338831698719904
0.254735400783596 -0.354642799762757
0.254735400783596 -0.369531634973184
0.254735400783596 -0.330081656357506
0.254735400783596 -0.364991351658992
0.254735400783596 -0.318738245475187
0.254735400783596 -0.369376085497166
0.254735400783596 -0.356907888859951
0.254735400783596 -0.368110096729583
0.254735400783596 -0.31690765952507
0.254735400783596 -0.372399271854926
0.254735400783596 -0.365232966668302
0.254735400783596 -0.312932265000542
0.254735400783596 -0.353522840805993
0.254735400783596 -0.371627747462313
0.254735400783596 -0.361945492481716
0.254735400783596 -0.359482586392119
0.254735400783596 -0.315599312691439
0.254735400783596 -0.365037576843212
0.254735400783596 -0.351976368434887
0.254735400783596 -0.317726859115355
0.254735400783596 -0.349230330775397
0.254735400783596 -0.320303047217522
0.254735400783596 -0.336981333144161
0.254735400783596 -0.341556670494777
0.254735400783596 -0.367441058000952
0.254735400783596 -0.315610916916039
0.254735400783596 -0.340730971504606
0.254735400783596 -0.324332391098252
0.254735400783596 -0.340470441899829
0.254735400783596 -0.331017755535906
0.254735400783596 -0.313822383183172
0.254735400783596 -0.367592110188658
0.254735400783596 -0.316038076485929
0.254735400783596 -0.370082195726815
0.254735400783596 -0.316023770305727
0.254735400783596 -0.361416420767428
0.254735400783596 -0.360905657840058
0.254735400783596 -0.352713111086804
0.254735400783596 -0.371613603073958
0.254735400783596 -0.351139924398524
0.254735400783596 -0.343697485356269
0.254735400783596 -0.362411475478874
0.254735400783596 -0.323150007652811
0.254735400783596 -0.371509356318509
0.254735400783596 -0.332966031816366
0.254735400783596 -0.329341646210601
0.254735400783596 -0.369554302320115
0.254735400783596 -0.336577293011795
0.254735400783596 -0.372476440169484
0.176303273018409 -0.333942089190156
0.176303273018409 -0.346520805675907
0.176303273018409 -0.336377931059962
0.176303273018409 -0.363829240922221
0.176303273018409 -0.362948106322482
0.176303273018409 -0.310123947129914
0.176303273018409 -0.321049502199141
0.176303273018409 -0.359471720498001
0.176303273018409 -0.337258980469845
0.176303273018409 -0.330471249239149
0.176303273018409 -0.336825434780092
0.176303273018409 -0.316171396778263
0.176303273018409 -0.333610424040172
0.176303273018409 -0.289309720618442
0.176303273018409 -0.305799128155099
0.176303273018409 -0.299652420841048
0.176303273018409 -0.314810777485703
0.176303273018409 -0.311438657440053
0.176303273018409 -0.303025893661201
0.176303273018409 -0.325353495219096
0.176303273018409 -0.310548140310702
0.176303273018409 -0.285929488969266
0.176303273018409 -0.317689569649126
0.176303273018409 -0.267023079722869
0.176303273018409 -0.265701168082308
0.176303273018409 -0.315785584162555
0.176303273018409 -0.298776882521711
0.176303273018409 -0.282203042107389
0.176303273018409 -0.287189697131579
0.176303273018409 -0.26867678762947
0.176303273018409 -0.312891077070527
0.176303273018409 -0.301763215117783
0.176303273018409 -0.29381446002162
0.176303273018409 -0.301210276748478
0.176303273018409 -0.28735852997181
0.176303273018409 -0.288198417529599
0.176303273018409 -0.264050208044551
0.176303273018409 -0.292579627691959
0.176303273018409 -0.293065152222236
0.176303273018409 -0.287940617715344
0.176303273018409 -0.279445057443928
0.176303273018409 -0.267347858994521
0.176303273018409 -0.304368544032979
0.176303273018409 -0.279082897607694
0.176303273018409 -0.283863880962758
0.176303273018409 -0.303988841300736
0.176303273018409 -0.266652151072046
0.176303273018409 -0.274045363065555
0.176303273018409 -0.264929503778618
0.176303273018409 -0.267597183135191
0.176303273018409 -0.300931480127178
0.176303273018409 -0.283926950648222
0.176303273018409 -0.293129480336006
0.176303273018409 -0.313770673866939
0.176303273018409 -0.264871572964764
0.176303273018409 -0.289314576486961
0.176303273018409 -0.266300796780444
0.176303273018409 -0.306719925145055
0.176303273018409 -0.301635988652045
0.176303273018409 -0.282487550100991
0.176303273018409 -0.297607263056731
0.176303273018409 -0.317840119794873
0.176303273018409 -0.273668683366257
0.176303273018409 -0.280933809755333
0.176303273018409 -0.2839684789868
0.176303273018409 -0.316111023883548
0.176303273018409 -0.304984983865215
0.176303273018409 -0.284904277368166
0.176303273018409 -0.263746893810932
0.176303273018409 -0.306895623294045
0.176303273018409 -0.310323170079552
0.176303273018409 -0.297064486591812
0.176303273018409 -0.295464485952173
0.176303273018409 -0.284901662867225
0.176303273018409 -0.315495538357514
0.176303273018409 -0.263847782237086
0.176303273018409 -0.309733721829713
0.176303273018409 -0.262618767545392
0.176303273018409 -0.299343369546152
0.176303273018409 -0.262351780399375
0.176303273018409 -0.312535557191927
0.176303273018409 -0.305814631485688
0.176303273018409 -0.30997778058533
0.176303273018409 -0.296294219090419
0.176303273018409 -0.291677375257633
0.176303273018409 -0.27336770135881
0.176303273018409 -0.286476331189301
0.176303273018409 -0.292443012988288
0.176303273018409 -0.288701777544627
0.176303273018409 -0.31857490437532
0.176303273018409 -0.293292416554458
0.176303273018409 -0.27793785336791
0.176303273018409 -0.285142828491452
0.176303273018409 -0.262722541922327
0.176303273018409 -0.281231642915017
0.176303273018409 -0.311886792647064
0.176303273018409 -0.313203392983781
0.176303273018409 -0.266371425953557
0.176303273018409 -0.26579580410867
0.176303273018409 -0.312663393538924
-0.349456278055998 -0.318025576490606
-0.349456278055998 -0.305546216034101
-0.349456278055998 -0.26451308179328
-0.349456278055998 -0.297118254335648
-0.349456278055998 -0.283679830739416
-0.349456278055998 -0.224641934104613
-0.349456278055998 -0.20743950081462
-0.349456278055998 -0.0980938214997985
-0.349456278055998 -0.0485939787241932
-0.349456278055998 0.059423082522383
-0.349456278055998 0.120489250063174
-0.349456278055998 0.257907941219712
-0.349456278055998 0.369954868492427
-0.349456278055998 0.452128008798032
-0.349456278055998 0.532061721184574
-0.349456278055998 0.626203680899106
-0.349456278055998 0.749068646590099
-0.349456278055998 0.81480548641418
-0.349456278055998 0.924896457033829
-0.349456278055998 0.950181122223623
-0.349456278055998 1.05584500969987
-0.349456278055998 1.11052001471634
-0.349456278055998 1.16380358648145
-0.349456278055998 1.17837429225966
-0.349456278055998 1.23021597746447
-0.349456278055998 1.29285177408745
-0.349456278055998 1.28753419896471
-0.349456278055998 1.36163215145519
-0.349456278055998 1.36824224325497
-0.349456278055998 1.40977603698068
-0.349456278055998 1.43562670509528
-0.349456278055998 1.43142382826932
-0.349456278055998 1.42585288735388
-0.349456278055998 1.42318345741061
-0.349456278055998 1.49121586568138
-0.349456278055998 1.48556944089868
-0.349456278055998 1.4616402091591
-0.349456278055998 1.49818857968078
-0.349456278055998 1.47896003533689
-0.349456278055998 1.52858296443649
-0.349456278055998 1.49103876334208
-0.349456278055998 1.49077920691223
-0.349456278055998 1.54465386389078
-0.349456278055998 1.54645435999767
-0.349456278055998 1.54318163014057
-0.349456278055998 1.51994556324765
-0.349456278055998 1.52490360183485
-0.349456278055998 1.54688184622073
-0.349456278055998 1.52481278498043
-0.349456278055998 1.50136121383523
-0.349456278055998 1.50727552414715
-0.349456278055998 1.53043795351744
-0.349456278055998 1.56191418363418
-0.349456278055998 1.52256662480202
-0.349456278055998 1.52560150077295
-0.349456278055998 1.5494536334784
-0.349456278055998 1.5153553965116
-0.349456278055998 1.55255369749383
-0.349456278055998 1.55706722600368
-0.349456278055998 1.54829070542389
-0.349456278055998 1.52088670223679
-0.349456278055998 1.568254012968
-0.349456278055998 1.56097156712151
-0.349456278055998 1.55724163743633
-0.349456278055998 1.53886464265961
-0.349456278055998 1.5408721625273
-0.349456278055998 1.52282984213692
-0.349456278055998 1.54075054832838
-0.349456278055998 1.52302033749944
-0.349456278055998 1.5289134636297
-0.349456278055998 1.52257874280707
-0.349456278055998 1.53837332081743
-0.349456278055998 1.53964147498994
-0.349456278055998 1.55979375786556
-0.349456278055998 1.53058415105585
-0.349456278055998 1.51247771181548
-0.349456278055998 1.55814349100493
-0.349456278055998 1.55077115554274
-0.349456278055998 1.55936675331578
-0.349456278055998 1.51790549040306
-0.349456278055998 1.51329127866935
-0.349456278055998 1.56035512097396
-0.349456278055998 1.55734832260156
-0.349456278055998 1.56935478692607
-0.349456278055998 1.51171985127568
-0.349456278055998 1.55538327390162
-0.349456278055998 1.51993268665222
-0.349456278055998 1.52845750776765
-0.349456278055998 1.53187973715802
-0.349456278055998 1.53562391175929
-0.349456278055998 1.56476821436198
-0.349456278055998 1.55583713052639
-0.349456278055998 1.54975289529688
-0.349456278055998 1.56078192613627
-0.349456278055998 1.51378957113748
-0.349456278055998 1.51046747037112
-0.349456278055998 1.51410513082635
-0.349456278055998 1.51485199116432
-0.349456278055998 1.56363721598522
-0.349456278055998 1.5280345104735
0.735752193841028 1.51708731077798
0.735752193841028 1.51902534679126
0.735752193841028 1.55565550269082
0.735752193841028 1.53449913335638
0.735752193841028 1.3690325105246
0.735752193841028 0.984745266258883
0.735752193841028 0.677079168082654
0.735752193841028 0.410231386238126
0.735752193841028 0.164889833013236
0.735752193841028 0.0545729375557694
0.735752193841028 -0.0968358443555782
0.735752193841028 -0.130012583040986
0.735752193841028 -0.199215797349887
0.735752193841028 -0.224638243153958
0.735752193841028 -0.290117639957757
0.735752193841028 -0.283661487785682
0.735752193841028 -0.338414625331201
0.735752193841028 -0.369835699102422
0.735752193841028 -0.347057950671041
0.735752193841028 -0.382913857549679
0.735752193841028 -0.400985188365669
0.735752193841028 -0.374146751105214
0.735752193841028 -0.383713436689438
0.735752193841028 -0.380551950324263
0.735752193841028 -0.373501846891716
0.735752193841028 -0.378045159036956
0.735752193841028 -0.403118313409194
0.735752193841028 -0.413644112945593
0.735752193841028 -0.392819184204944
0.735752193841028 -0.40255698116297
0.735752193841028 -0.432804039073995
0.735752193841028 -0.395793999963143
0.735752193841028 -0.42106209958092
0.735752193841028 -0.416394001123629
0.735752193841028 -0.390597542509779
0.735752193841028 -0.38265262088142
0.735752193841028 -0.416973308265391
0.735752193841028 -0.382151454532698
0.735752193841028 -0.435135740844406
0.735752193841028 -0.386099174585049
0.735752193841028 -0.441534786254771
0.735752193841028 -0.392918994743888
0.735752193841028 -0.389828876680559
0.735752193841028 -0.395730845390022
0.735752193841028 -0.388273606802158
0.735752193841028 -0.42161673756097
0.735752193841028 -0.390739541742977
0.735752193841028 -0.406306527562473
0.735752193841028 -0.383126116972891
0.735752193841028 -0.426531984970647
0.735752193841028 -0.425589390253802
0.735752193841028 -0.391302344501334
0.735752193841028 -0.423448038534933
0.735752193841028 -0.430859570999116
0.735752193841028 -0.415713726044387
0.735752193841028 -0.408012444712795
0.735752193841028 -0.442890217626706
0.735752193841028 -0.437560318235398
0.735752193841028 -0.400245444244873
0.735752193841028 -0.440566696958745
0.735752193841028 -0.424056309917603
0.735752193841028 -0.425860259460587
0.735752193841028 -0.388355251713165
0.735752193841028 -0.401570213350573
0.735752193841028 -0.437621177249046
0.735752193841028 -0.428243332233488
0.735752193841028 -0.430719469643277
0.735752193841028 -0.42410626506468
0.735752193841028 -0.422551994136914
0.735752193841028 -0.392993396733222
0.735752193841028 -0.437176641626336
0.735752193841028 -0.43534467423423
0.735752193841028 -0.431342670312592
0.735752193841028 -0.440942294237479
0.735752193841028 -0.409314068822355
0.735752193841028 -0.392772257001605
0.735752193841028 -0.424628703600639
0.735752193841028 -0.442615558737259
0.735752193841028 -0.418506417654545
0.735752193841028 -0.40248805208654
0.735752193841028 -0.434893580524421
0.735752193841028 -0.429062317334925
0.735752193841028 -0.431632752837066
0.735752193841028 -0.427786018345693
0.735752193841028 -0.405769214556021
0.735752193841028 -0.425673671020506
0.735752193841028 -0.420862166794096
0.735752193841028 -0.407701764632463
0.735752193841028 -0.430112212448539
0.735752193841028 -0.410522872177551
0.735752193841028 -0.424278639479777
0.735752193841028 -0.400769550882024
0.735752193841028 -0.433233920824003
0.735752193841028 -0.389589091724189
0.735752193841028 -0.440101394351086
0.735752193841028 -0.395668510783788
0.735752193841028 -0.44313265242914
0.735752193841028 -0.439419846466172
0.735752193841028 -0.422493196650307
0.735752193841028 -0.419419609432737
0.735752193841028 -0.417487940736051
