0 0
0 0
0 0
0 0
0 -0.0191351278290201
0 0.0240682809639941
0 -0.00397056834005112
0 -0.00260647608606749
0 -0.0186737451577635
0 0.0258311211664426
0 0.0177039524606537
0 -0.0192260906250291
0 -0.0170358523735799
0 0.0175518868697466
0 0.000263207133885016
0 -0.0109808007578338
0 -0.0255539294987951
0 0.0144370857701578
0 0.0275751489687832
0 -0.0282774705857318
0 -0.0178535900704567
0 -0.0201304753194345
0 -0.0176801721241474
0 -0.011217611694239
0 0.0216074118608988
0 0.000530789685480714
0 0.00541405460258538
0 0.00468684816200206
0 -0.0020718985685271
0 -0.0257983529368179
0 -0.0180900703752783
0 -0.00599195338461935
0 0.00364176196917469
0 -0.00414809424761586
0 -0.00208707519665391
0 0.0251480117907206
0 -0.00240119495377402
0 -0.0168998604204313
0 -0.0137771240233523
0 -0.0294342632079011
0 0.0192824413301564
0 0.0257969789132207
0 -0.000171354733107563
0 0.00949624633398361
0 -0.0118676475428961
0 -0.0211800055117461
0 -0.0160053052636333
0 0.00323680553468249
0 0.0142813056715425
0 -0.0197572719857012
0 -0.0169603749149849
0 -0.00347835641498018
0 0.00768471485560333
0 -0.0159755218954584
0 -0.0249326589239658
0 -0.00882918947142091
0 -0.0220113201050131
0 -0.00217215512128999
0 -0.0243001587379753
0 0.0128558651893241
0 -0.00795390581533564
0 0.0157828233503384
0 -0.00146903938324312
0 0.00406468196897262
0 -0.0131554120617097
0 -0.0209648805331641
0 -0.016745786026189
0 0.0101132759858765
0 -0.014674700963859
0 -0.0238660647192871
0 0.010289426214229
0 -0.0186256680252368
0 -0.0081180143907134
0 0.00261274279431199
0 -0.0239899622664967
0 0.00269677406340418
0 0.000890191033458221
0 0.00691803586364782
0 -0.020458222313438
0 -0.0136845870385791
0 0.0176346966410983
0 -0.00383414832410276
0 -0.02197414326988
0 -0.0136290832439988
0 0.00942052295099761
0 0.000142266191923594
0 -0.00674516514256722
0 -0.007664268238102
0 0.0222096558679392
0 0.00866953041563295
0 -0.00273243598972945
0 -0.0291671385311145
0 -0.0150244415077381
0 0.00930109200045239
0 0.000152859585374143
0 -0.00518084678458233
0 0.0158960289920261
0 -0.0149349076239344
0 -0.0149346915849332
-0.923257750311281 -0.000316695261627722
-0.923257750311281 0.0287674997885509
-0.923257750311281 0.0137055497724392
-0.923257750311281 -0.0217213705633304
-0.923257750311281 0.033758037433108
-0.923257750311281 0.107004057773211
-0.923257750311281 0.176925165777073
-0.923257750311281 0.289067681377782
-0.923257750311281 0.41348986924695
-0.923257750311281 0.550145584359175
-0.923257750311281 0.686712436948002
-0.923257750311281 0.839091351926953
-0.923257750311281 1.02441393479956
-0.923257750311281 1.12490583704539
-0.923257750311281 1.30785588080385
-0.923257750311281 1.38612905295573
-0.923257750311281 1.52123475542061
-0.923257750311281 1.61103193165685
-0.923257750311281 1.72464792388385
-0.923257750311281 1.80921877471711
-0.923257750311281 1.86325749745225
-0.923257750311281 1.94577259477324
-0.923257750311281 2.04293806559882
-0.923257750311281 2.07286734743493
-0.923257750311281 2.12468508514719
-0.923257750311281 2.18785492437107
-0.923257750311281 2.22228186779645
-0.923257750311281 2.24503871538295
-0.923257750311281 2.29813241071722
-0.923257750311281 2.31763950941171
-0.923257750311281 2.35710160382814
-0.923257750311281 2.37242972808018
-0.923257750311281 2.37323601626719
-0.923257750311281 2.40960796659823
-0.923257750311281 2.39305386861843
-0.923257750311281 2.41200422196509
-0.923257750311281 2.40941682039905
-0.923257750311281 2.44334183800256
-0.923257750311281 2.42758014799387
-0.923257750311281 2.42547061258058
-0.923257750311281 2.43058729263804
-0.923257750311281 2.46654795198677
-0.923257750311281 2.46679829022289
-0.923257750311281 2.45406515033876
-0.923257750311281 2.45327686890531
-0.923257750311281 2.48643974576748
-0.923257750311281 2.48144597895861
-0.923257750311281 2.45636863930771
-0.923257750311281 2.45664190921762
-0.923257750311281 2.47067296484517
-0.923257750311281 2.45483350157846
-0.923257750311281 2.47264776213782
-0.923257750311281 2.50174692576059
-0.923257750311281 2.47809276228257
-0.923257750311281 2.4828816967831
-0.923257750311281 2.50035647233721
-0.923257750311281 2.47506572743367
-0.923257750311281 2.46866536882251
-0.923257750311281 2.49504081428911
-0.923257750311281 2.50049578204715
-0.923257750311281 2.48513260210175
-0.923257750311281 2.4907286057409
-0.923257750311281 2.47831338504764
-0.923257750311281 2.45847562817266
-0.923257750311281 2.48018907169621
-0.923257750311281 2.48461602335784
-0.923257750311281 2.48288065507286
-0.923257750311281 2.48498976950652
-0.923257750311281 2.46996015266443
-0.923257750311281 2.47493651303706
-0.923257750311281 2.47528955593979
-0.923257750311281 2.4697463478169
-0.923257750311281 2.45273382243215
-0.923257750311281 2.46617208843948
-0.923257750311281 2.46340227105963
-0.923257750311281 2.49779800394871
-0.923257750311281 2.50008003465179
-0.923257750311281 2.47111138041001
-0.923257750311281 2.47577293882781
-0.923257750311281 2.46650483390005
-0.923257750311281 2.4798055952681
-0.923257750311281 2.50884840393982
-0.923257750311281 2.50162856081622
-0.923257750311281 2.47705640125896
-0.923257750311281 2.49550959512922
-0.923257750311281 2.45445512823096
-0.923257750311281 2.5025922571117
-0.923257750311281 2.50829904560858
-0.923257750311281 2.4548467473591
-0.923257750311281 2.47925907034429
-0.923257750311281 2.50119976247307
-0.923257750311281 2.45693886716111
-0.923257750311281 2.47266070016568
-0.923257750311281 2.46505623157943
-0.923257750311281 2.50555243970502
-0.923257750311281 2.49807990387895
-0.923257750311281 2.46959561904744
-0.923257750311281 2.48136402189213
-0.923257750311281 2.49749504323239
-0.923257750311281 2.47222686485497
-0.800204883091572 2.47040405027032
-0.800204883091572 2.50371919777307
-0.800204883091572 2.48640062930427
-0.800204883091572 2.47520430856762
-0.800204883091572 2.45684527205204
-0.800204883091572 2.47667321038529
-0.800204883091572 2.48488135276882
-0.800204883091572 2.46497539312822
-0.800204883091572 2.47582557939958
-0.800204883091572 2.49140639866327
-0.800204883091572 2.44031017235542
-0.800204883091572 2.43477665025185
-0.800204883091572 2.47954179558468
-0.800204883091572 2.46577641503221
-0.800204883091572 2.460326591758
-0.800204883091572 2.46857633445936
-0.800204883091572 2.45393134003618
-0.800204883091572 2.43307595741363
-0.800204883091572 2.41774118624685
-0.800204883091572 2.46560248737457
-0.800204883091572 2.41662794994609
-0.800204883091572 2.44148339394036
-0.800204883091572 2.44963446509298
-0.800204883091572 2.45414389419832
-0.800204883091572 2.43169504225508
-0.800204883091572 2.45294030892447
-0.800204883091572 2.44160587354135
-0.800204883091572 2.42079274425724
-0.800204883091572 2.41641255218062
-0.800204883091572 2.44766850120138
-0.800204883091572 2.4167730507719
-0.800204883091572 2.45553421775263
-0.800204883091572 2.41968246482785
-0.800204883091572 2.44133129768768
-0.800204883091572 2.44563375585246
-0.800204883091572 2.44981082712831
-0.800204883091572 2.45969115637398
-0.800204883091572 2.44096526398763
-0.800204883091572 2.46312590802812
-0.800204883091572 2.41180146058093
-0.800204883091572 2.4655516237608
-0.800204883091572 2.4596032522707
-0.800204883091572 2.41057692446988
-0.800204883091572 2.44720281402736
-0.800204883091572 2.46182026537001
-0.800204883091572 2.41974068217497
-0.800204883091572 2.4153121113211
-0.800204883091572 2.44499064835726
-0.800204883091572 2.40898259507343
-0.800204883091572 2.4276627801299
-0.800204883091572 2.46229605984301
-0.800204883091572 2.41273297864599
-0.800204883091572 2.44064244114555
-0.800204883091572 2.45902345475293
-0.800204883091572 2.43217899398748
-0.800204883091572 2.43207703126355
-0.800204883091572 2.44696189548569
-0.800204883091572 2.42693503264388
-0.800204883091572 2.41653680188764
-0.800204883091572 2.43404330380255
-0.800204883091572 2.46604226996366
-0.800204883091572 2.45779279578056
-0.800204883091572 2.42361851356427
-0.800204883091572 2.42371985105458
-0.800204883091572 2.43930500898502
-0.800204883091572 2.44904047888453
-0.800204883091572 2.43264090575778
-0.800204883091572 2.44372682021544
-0.800204883091572 2.44356170552209
-0.800204883091572 2.45824923009251
-0.800204883091572 2.42373037135217
-0.800204883091572 2.43039698965484
-0.800204883091572 2.45891221046222
-0.800204883091572 2.41987886145896
-0.800204883091572 2.41568843263089
-0.800204883091572 2.45943547815884
-0.800204883091572 2.45393532965733
-0.800204883091572 2.45323730907143
-0.800204883091572 2.44312370654843
-0.800204883091572 2.42641603418623
-0.800204883091572 2.44553981556157
-0.800204883091572 2.45235389522664
-0.800204883091572 2.46024486849548
-0.800204883091572 2.43044300911666
-0.800204883091572 2.41342763000194
-0.800204883091572 2.45204129933189
-0.800204883091572 2.41768513827528
-0.800204883091572 2.45341693961209
-0.800204883091572 2.44824566856548
-0.800204883091572 2.42055044618232
-0.800204883091572 2.43953771113432
-0.800204883091572 2.44421631875
-0.800204883091572 2.45918001852962
-0.800204883091572 2.40910420218037
-0.800204883091572 2.44138276484429
-0.800204883091572 2.41294614342217
-0.800204883091572 2.42809497055073
-0.800204883091572 2.45342106386605
-0.800204883091572 2.44085235364552
-0.800204883091572 2.41624802533757
-0.859113961155852 2.46045009670445
-0.859113961155852 2.411528185128
-0.859113961155852 2.42731666281971
-0.859113961155852 2.40903253071691
-0.859113961155852 2.42501418159755
-0.859113961155852 2.42226144223074
-0.859113961155852 2.45822891388965
-0.859113961155852 2.41978473270307
-0.859113961155852 2.42925673242195
-0.859113961155852 2.42357606530662
-0.859113961155852 2.46723201372326
-0.859113961155852 2.4572485580868
-0.859113961155852 2.44248032382167
-0.859113961155852 2.46212838699058
-0.859113961155852 2.47983412002488
-0.859113961155852 2.44214469874223
-0.859113961155852 2.45099992265819
-0.859113961155852 2.44000694196376
-0.859113961155852 2.47802570075317
-0.859113961155852 2.43281888998971
-0.859113961155852 2.45712765249732
-0.859113961155852 2.44517385749979
-0.859113961155852 2.45297801744393
-0.859113961155852 2.44048547230323
-0.859113961155852 2.46661079574485
-0.859113961155852 2.46487112033423
-0.859113961155852 2.44035298271641
-0.859113961155852 2.49066744896737
-0.859113961155852 2.47628297491851
-0.859113961155852 2.43860957964271
-0.859113961155852 2.43781454793341
-0.859113961155852 2.46405093030111
-0.859113961155852 2.4518798397663
-0.859113961155852 2.46136205632102
-0.859113961155852 2.43895263039782
-0.859113961155852 2.49126360150602
-0.859113961155852 2.47880626678503
-0.859113961155852 2.48602589371667
-0.859113961155852 2.47314649226589
-0.859113961155852 2.48216886930768
-0.859113961155852 2.44602836072754
-0.859113961155852 2.48144909158216
-0.859113961155852 2.44841042926516
-0.859113961155852 2.47784162322994
-0.859113961155852 2.45662770337881
-0.859113961155852 2.4336499363615
-0.859113961155852 2.44276924549522
-0.859113961155852 2.44326453905833
-0.859113961155852 2.46096249598753
-0.859113961155852 2.45576237660545
-0.859113961155852 2.44555844827498
-0.859113961155852 2.44127769120611
-0.859113961155852 2.47436833604989
-0.859113961155852 2.47282194020644
-0.859113961155852 2.4466151685188
-0.859113961155852 2.45397445717506
-0.859113961155852 2.47754186143786
-0.859113961155852 2.43915935684807
-0.859113961155852 2.48197527904216
-0.859113961155852 2.45640527275397
-0.859113961155852 2.45127954741921
-0.859113961155852 2.48425432638382
-0.859113961155852 2.46731168087508
-0.859113961155852 2.45409628680129
-0.859113961155852 2.46429827173361
-0.859113961155852 2.4520212682949
-0.859113961155852 2.46256488904238
-0.859113961155852 2.45971159232304
-0.859113961155852 2.48055070298519
-0.859113961155852 2.46587763518274
-0.859113961155852 2.45794096563729
-0.859113961155852 2.44685773346542
-0.859113961155852 2.44589615487968
-0.859113961155852 2.48143035071114
-0.859113961155852 2.48959661731918
-0.859113961155852 2.44807057089091
-0.859113961155852 2.48352820958341
-0.859113961155852 2.43401480024719
-0.859113961155852 2.44134565235014
-0.859113961155852 2.48385670499219
-0.859113961155852 2.45189032809431
-0.859113961155852 2.46610804267817
-0.859113961155852 2.48132381699434
-0.859113961155852 2.43418649063915
-0.859113961155852 2.45197635827732
-0.859113961155852 2.45936968745449
-0.859113961155852 2.43339104972471
-0.859113961155852 2.46012534177765
-0.859113961155852 2.46648364763507
-0.859113961155852 2.44772335116337
-0.859113961155852 2.46797858943164
-0.859113961155852 2.47059507365885
-0.859113961155852 2.45529448312988
-0.859113961155852 2.43875279087852
-0.859113961155852 2.47760408406571
-0.859113961155852 2.47517242322485
-0.859113961155852 2.45472331426705
-0.859113961155852 2.47884765016373
-0.859113961155852 2.47571637668146
-0.859113961155852 2.46900649316024
0.302177831642838 2.4522181866391
0.302177831642838 2.46676555893046
0.302177831642838 2.44602185382423
0.302177831642838 2.44252229533108
0.302177831642838 2.21211685107824
0.302177831642838 1.70056499144483
0.302177831642838 1.2247351525313
0.302177831642838 0.816765956250576
0.302177831642838 0.522056573814602
0.302177831642838 0.278722213347785
0.302177831642838 0.140982163920648
0.302177831642838 0.0227321128285731
0.302177831642838 -0.0592146533182501
0.302177831642838 -0.107370359576166
0.302177831642838 -0.182054946891645
0.302177831642838 -0.219639408084589
0.302177831642838 -0.254754081940382
0.302177831642838 -0.252012401314431
0.302177831642838 -0.270384364914757
0.302177831642838 -0.312095647248242
0.302177831642838 -0.31067047753031
0.302177831642838 -0.329505487792618
0.302177831642838 -0.296677149222736
0.302177831642838 -0.333396194716786
0.302177831642838 -0.328497510366137
0.302177831642838 -0.344685927511246
0.302177831642838 -0.31553268468439
0.302177831642838 -0.36557733301815
0.302177831642838 -0.325141033593421
0.302177831642838 -0.361351226682532
0.302177831642838 -0.365443939629626
0.302177831642838 -0.360934152165376
0.302177831642838 -0.373634679096819
0.302177831642838 -0.336032020647676
0.302177831642838 -0.381727553463504
0.302177831642838 -0.342710791420227
0.302177831642838 -0.342107550331848
0.302177831642838 -0.384630019754529
0.302177831642838 -0.341212954000697
0.302177831642838 -0.383872132490227
0.302177831642838 -0.388243417906952
0.302177831642838 -0.336350610998737
0.302177831642838 -0.346477573487972
0.302177831642838 -0.385327947450448
0.302177831642838 -0.356186519359464
0.302177831642838 -0.369083231930074
0.302177831642838 -0.34527370432905
0.302177831642838 -0.342196574551393
0.302177831642838 -0.3409179433503
0.302177831642838 -0.364308020145036
0.302177831642838 -0.366168919025705
0.302177831642838 -0.354968406534098
0.302177831642838 -0.337833533844879
0.302177831642838 -0.346333958058555
0.302177831642838 -0.340352596128861
0.302177831642838 -0.382866332555579
0.302177831642838 -0.339329163625106
0.302177831642838 -0.36817363274945
0.302177831642838 -0.354357210816113
0.302177831642838 -0.385795878568985
0.302177831642838 -0.342047293836543
0.302177831642838 -0.338211379354509
0.302177831642838 -0.383537471805495
0.302177831642838 -0.383695667854242
0.302177831642838 -0.349318390572714
0.302177831642838 -0.360449416764325
0.302177831642838 -0.385297736891329
0.302177831642838 -0.342956725196302
0.302177831642838 -0.361167653606159
0.302177831642838 -0.344889030864984
0.302177831642838 -0.38805385009796
0.302177831642838 -0.379545227231293
0.302177831642838 -0.341884463673736
0.302177831642838 -0.355517265362906
0.302177831642838 -0.350507976486429
0.302177831642838 -0.386165633896606
0.302177831642838 -0.337606149610154
0.302177831642838 -0.345755912807003
0.302177831642838 -0.35328811164365
0.302177831642838 -0.387834641447523
0.302177831642838 -0.343872368283006
0.302177831642838 -0.333320809747053
0.302177831642838 -0.383278573411798
0.302177831642838 -0.338255130503937
0.302177831642838 -0.356615354794632
0.302177831642838 -0.379689706179433
0.302177831642838 -0.351560242248703
0.302177831642838 -0.350874866980193
0.302177831642838 -0.336082637177905
0.302177831642838 -0.390521679568459
0.302177831642838 -0.386147639641244
0.302177831642838 -0.354595935273553
0.302177831642838 -0.346406301977805
0.302177831642838 -0.390173560900993
0.302177831642838 -0.352011830890224
0.302177831642838 -0.367547551757056
0.302177831642838 -0.347003870371401
0.302177831642838 -0.371368047057041
0.302177831642838 -0.381140953327484
0.302177831642838 -0.338806912933804
-0.0526778811438353 -0.386709682516339
-0.0526778811438353 -0.358598518930977
-0.0526778811438353 -0.378517733338872
-0.0526778811438353 -0.349785229842708
-0.0526778811438353 -0.349245657784016
-0.0526778811438353 -0.343598666304021
-0.0526778811438353 -0.301896896900644
-0.0526778811438353 -0.302229351633631
-0.0526778811438353 -0.283983765398812
-0.0526778811438353 -0.224534648669065
-0.0526778811438353 -0.213496610879101
-0.0526778811438353 -0.19737985578736
-0.0526778811438353 -0.109015024900036
-0.0526778811438353 -0.13092749021791
-0.0526778811438353 -0.0961383768310399
-0.0526778811438353 -0.0771720122126499
-0.0526778811438353 -0.00148598015631568
-0.0526778811438353 -0.0287767588165536
-0.0526778811438353 0.0235412655152945
-0.0526778811438353 0.0071041566215405
-0.0526778811438353 0.0588447310962726
-0.0526778811438353 0.0845408830532663
-0.0526778811438353 0.0870872392627976
-0.0526778811438353 0.0679509922219485
-0.0526778811438353 0.0769397101232344
-0.0526778811438353 0.115703751790207
-0.0526778811438353 0.127658425038301
-0.0526778811438353 0.111563877043503
-0.0526778811438353 0.141637916569506
-0.0526778811438353 0.101912602701598
-0.0526778811438353 0.113696265063479
-0.0526778811438353 0.12320141253821
-0.0526778811438353 0.1673562090653
-0.0526778811438353 0.122691556323148
-0.0526778811438353 0.137271572953647
-0.0526778811438353 0.13788572715778
-0.0526778811438353 0.169287363182993
-0.0526778811438353 0.130971568801657
-0.0526778811438353 0.154986748113769
-0.0526778811438353 0.147465025711828
-0.0526778811438353 0.182060335897013
-0.0526778811438353 0.183669046515144
-0.0526778811438353 0.18708200234658
-0.0526778811438353 0.150786896488307
-0.0526778811438353 0.151658682976578
-0.0526778811438353 0.169514049856361
-0.0526778811438353 0.137386187348564
-0.0526778811438353 0.155246430576337
-0.0526778811438353 0.13819066825995
-0.0526778811438353 0.161439450523471
-0.0526778811438353 0.185533582319126
-0.0526778811438353 0.173456570856613
-0.0526778811438353 0.163570656188691
-0.0526778811438353 0.169011556163152
-0.0526778811438353 0.139014622885766
-0.0526778811438353 0.140208993060029
-0.0526778811438353 0.157177680044023
-0.0526778811438353 0.174978961983012
-0.0526778811438353 0.17503739513892
-0.0526778811438353 0.169043648776748
-0.0526778811438353 0.178117715619514
-0.0526778811438353 0.167668542640741
-0.0526778811438353 0.156159518428699
-0.0526778811438353 0.19232760036953
-0.0526778811438353 0.169109720781786
-0.0526778811438353 0.188381748256897
-0.0526778811438353 0.185369768521705
-0.0526778811438353 0.13810745483673
-0.0526778811438353 0.149803962801878
-0.0526778811438353 0.136105825001227
-0.0526778811438353 0.14188229249915
-0.0526778811438353 0.17787528446464
-0.0526778811438353 0.156888200761986
-0.0526778811438353 0.17487363909922
-0.0526778811438353 0.138179528790955
-0.0526778811438353 0.172704915682157
-0.0526778811438353 0.156208086516264
-0.0526778811438353 0.159010322090265
-0.0526778811438353 0.18061346417276
-0.0526778811438353 0.150977372190196
-0.0526778811438353 0.15605812843759
-0.0526778811438353 0.185685205866411
-0.0526778811438353 0.187201450193332
-0.0526778811438353 0.180075533662993
-0.0526778811438353 0.151530927116197
-0.0526778811438353 0.133941617589582
-0.0526778811438353 0.142873372395737
-0.0526778811438353 0.148334447761816
-0.0526778811438353 0.161426376881395
-0.0526778811438353 0.155891462077974
-0.0526778811438353 0.135059625757887
-0.0526778811438353 0.192660150042991
-0.0526778811438353 0.139503250942591
-0.0526778811438353 0.182692603592307
-0.0526778811438353 0.189362681003338
-0.0526778811438353 0.183038228500224
-0.0526778811438353 0.142795339362558
-0.0526778811438353 0.144257044331699
-0.0526778811438353 0.154443653703566
-0.0526778811438353 0.17341849587785
0.589609135420372 0.188768308434066
0.589609135420372 0.142245667270306
0.589609135420372 0.189004674066989
0.589609135420372 0.181795113713023
0.589609135420372 0.106261777149309
0.589609135420372 0.0537131103012315
0.589609135420372 -0.0592144526414492
0.589609135420372 -0.0782226637705686
0.589609135420372 -0.182856284311125
0.589609135420372 -0.191460999700694
0.589609135420372 -0.243228657868985
0.589609135420372 -0.287680319492203
0.589609135420372 -0.309882207285476
0.589609135420372 -0.343995503076358
0.589609135420372 -0.366260225567838
0.589609135420372 -0.374611533642329
0.589609135420372 -0.379737526362396
0.589609135420372 -0.338359522908094
0.589609135420372 -0.393327748858401
0.589609135420372 -0.365060863010655
0.589609135420372 -0.399947334491082
0.589609135420372 -0.401540019998036
0.589609135420372 -0.390190675994056
0.589609135420372 -0.422518038324202
0.589609135420372 -0.422378869771825
0.589609135420372 -0.391801287920471
0.589609135420372 -0.37573847793202
0.589609135420372 -0.417522565257119
0.589609135420372 -0.373160622719167
0.589609135420372 -0.400963841164
0.589609135420372 -0.393609194503324
0.589609135420372 -0.421882103895309
0.589609135420372 -0.428868512920298
0.589609135420372 -0.40792343420434
0.589609135420372 -0.417470608547017
0.589609135420372 -0.403393776042086
0.589609135420372 -0.398931813113681
0.589609135420372 -0.418853395712527
0.589609135420372 -0.416971935217146
0.589609135420372 -0.437005744944537
0.589609135420372 -0.432011962122183
0.589609135420372 -0.380064381061588
0.589609135420372 -0.426335430195378
0.589609135420372 -0.395851951141362
0.589609135420372 -0.39743148796989
0.589609135420372 -0.414794392378714
0.589609135420372 -0.391782103452473
0.589609135420372 -0.422537401109239
0.589609135420372 -0.425451516725731
0.589609135420372 -0.390866486416536
0.589609135420372 -0.386672573701566
0.589609135420372 -0.420242879381924
0.589609135420372 -0.388798258535375
0.589609135420372 -0.408249614667135
0.589609135420372 -0.418262904698322
0.589609135420372 -0.42955818272402
0.589609135420372 -0.422605422505292
0.589609135420372 -0.399403633558061
0.589609135420372 -0.43367593833314
0.589609135420372 -0.389756446155194
0.589609135420372 -0.403301691421773
0.589609135420372 -0.393487671810627
0.589609135420372 -0.399411878314598
0.589609135420372 -0.380160719861768
0.589609135420372 -0.37979547384416
0.589609135420372 -0.39639534829146
0.589609135420372 -0.431174893517701
0.589609135420372 -0.389561547008434
0.589609135420372 -0.394493397734945
0.589609135420372 -0.382570168279777
0.589609135420372 -0.432632074851957
0.589609135420372 -0.392680621220636
0.589609135420372 -0.41555382699373
0.589609135420372 -0.409031233908473
0.589609135420372 -0.404790333743889
0.589609135420372 -0.431639804678595
0.589609135420372 -0.433048637763901
0.589609135420372 -0.405634850906276
0.589609135420372 -0.432796779157335
0.589609135420372 -0.429641447497746
0.589609135420372 -0.384763080475173
0.589609135420372 -0.422816099635115
0.589609135420372 -0.387384999643012
0.589609135420372 -0.436223455371673
0.589609135420372 -0.406524691248235
0.589609135420372 -0.394942355355025
0.589609135420372 -0.438110409743015
0.589609135420372 -0.391555300658253
0.589609135420372 -0.413650893440977
0.589609135420372 -0.427114291009478
0.589609135420372 -0.398368641134022
0.589609135420372 -0.382268384840943
0.589609135420372 -0.420531894625
0.589609135420372 -0.383837541943187
0.589609135420372 -0.41632032035624
0.589609135420372 -0.406544513534933
0.589609135420372 -0.401601963684871
0.589609135420372 -0.412847556564366
0.589609135420372 -0.430745772365475
0.589609135420372 -0.399320728303814
0.267113616747831 -0.392313799752408
0.267113616747831 -0.407051009854661
0.267113616747831 -0.401428438971518
0.267113616747831 -0.419380144892284
0.267113616747831 -0.401552030398509
0.267113616747831 -0.381663859008165
0.267113616747831 -0.374952740471657
0.267113616747831 -0.407924255455682
0.267113616747831 -0.385759880132788
0.267113616747831 -0.391876782460355
0.267113616747831 -0.37848637190033
0.267113616747831 -0.363026727010207
0.267113616747831 -0.369499556763106
0.267113616747831 -0.377542458710825
0.267113616747831 -0.34454866517761
0.267113616747831 -0.386991946153808
0.267113616747831 -0.385595562212755
0.267113616747831 -0.356229358941366
0.267113616747831 -0.341591206589011
0.267113616747831 -0.366344553956154
0.267113616747831 -0.358601962804299
0.267113616747831 -0.371147868180135
0.267113616747831 -0.373072359015296
0.267113616747831 -0.349852573490733
0.267113616747831 -0.335542859575215
0.267113616747831 -0.357421828126038
0.267113616747831 -0.352744003354234
0.267113616747831 -0.34178403066689
0.267113616747831 -0.336241889927499
0.267113616747831 -0.350419072941843
0.267113616747831 -0.342580692080282
0.267113616747831 -0.374082876112652
0.267113616747831 -0.368000057822447
0.267113616747831 -0.351313215444593
0.267113616747831 -0.342441146973629
0.267113616747831 -0.327917581749646
0.267113616747831 -0.369528910422645
0.267113616747831 -0.337653992396914
0.267113616747831 -0.346565963978263
0.267113616747831 -0.323502532304601
0.267113616747831 -0.344029651480309
0.267113616747831 -0.322959542015935
0.267113616747831 -0.326641028537903
0.267113616747831 -0.356958628570114
0.267113616747831 -0.352504068499113
0.267113616747831 -0.365653256746993
0.267113616747831 -0.349540511958975
0.267113616747831 -0.329559316264321
0.267113616747831 -0.369251863653473
0.267113616747831 -0.324351582989443
0.267113616747831 -0.327766476541612
0.267113616747831 -0.373956519370258
0.267113616747831 -0.322608682983505
0.267113616747831 -0.321535356525967
0.267113616747831 -0.322182443461258
0.267113616747831 -0.359482605678048
0.267113616747831 -0.366944178753115
0.267113616747831 -0.358281800640405
0.267113616747831 -0.332055152523913
0.267113616747831 -0.327009683262548
0.267113616747831 -0.321409688028703
0.267113616747831 -0.364629373851869
0.267113616747831 -0.329673718718562
0.267113616747831 -0.333468133038036
0.267113616747831 -0.358049745553111
0.267113616747831 -0.350089130669604
0.267113616747831 -0.321039891927993
0.267113616747831 -0.373953902798493
0.267113616747831 -0.338615787223406
0.267113616747831 -0.35515948024636
0.267113616747831 -0.355341607639629
0.267113616747831 -0.319642399278931
0.267113616747831 -0.347794403663394
0.267113616747831 -0.339445691494899
0.267113616747831 -0.371556311526929
0.267113616747831 -0.341302001932048
0.267113616747831 -0.372468143921015
0.267113616747831 -0.376668160236402
0.267113616747831 -0.345676395367435
0.267113616747831 -0.368911898656447
0.267113616747831 -0.331561468765618
0.267113616747831 -0.370744831825683
0.267113616747831 -0.331958147993277
0.267113616747831 -0.353756994708223
0.267113616747831 -0.359947544641669
0.267113616747831 -0.355379863348896
0.267113616747831 -0.324878709766669
0.267113616747831 -0.339062356636749
0.267113616747831 -0.330263268923662
0.267113616747831 -0.326957427789276
0.267113616747831 -0.324809998443128
0.267113616747831 -0.322406292149696
0.267113616747831 -0.339852555913577
0.267113616747831 -0.355883371174356
0.267113616747831 -0.322596248337369
0.267113616747831 -0.365594495651756
0.267113616747831 -0.333099218927462
0.267113616747831 -0.324870790556257
0.267113616747831 -0.349549392414954
0.267113616747831 -0.357343292494393
0.00805239823393977 -0.365613280366301
0.00805239823393977 -0.365274168374146
0.00805239823393977 -0.363869196830947
0.00805239823393977 -0.347863765170345
0.00805239823393977 -0.363046250748157
0.00805239823393977 -0.322276843081107
0.00805239823393977 -0.335501678777902
0.00805239823393977 -0.300135340204626
0.00805239823393977 -0.25841664596784
0.00805239823393977 -0.267197919350352
0.00805239823393977 -0.247086973188473
0.00805239823393977 -0.195274179489561
0.00805239823393977 -0.191111208094221
0.00805239823393977 -0.147052022491565
0.00805239823393977 -0.158230837212358
0.00805239823393977 -0.151564491093073
0.00805239823393977 -0.112993297645766
0.00805239823393977 -0.108239018104921
0.00805239823393977 -0.0965702457696181
0.00805239823393977 -0.0870455222348597
0.00805239823393977 -0.0727751459050811
0.00805239823393977 -0.0699732186054474
0.00805239823393977 -0.0552342953289201
0.00805239823393977 -0.0541041023040374
0.00805239823393977 -0.0304915580713383
0.00805239823393977 -0.0531486364437931
0.00805239823393977 -0.0696786604881897
0.00805239823393977 -0.0507736794749071
0.00805239823393977 -0.0478493490479952
0.00805239823393977 -0.0618101472443955
0.00805239823393977 -0.0491040446939729
0.00805239823393977 -0.0247324430911173
0.00805239823393977 -0.0573670571090637
0.00805239823393977 -0.00730178777274842
0.00805239823393977 -0.00766545158698486
0.00805239823393977 -0.0523340492624455
0.00805239823393977 -0.0169088557030165
0.00805239823393977 -0.0300684226830414
0.00805239823393977 -0.00582738927991763
0.00805239823393977 -0.0441896959562766
0.00805239823393977 -0.0150246518841008
0.00805239823393977 -0.0224031909081657
0.00805239823393977 -0.0248229898829274
0.00805239823393977 -0.0356393649000786
0.00805239823393977 0.00331418677396316
0.00805239823393977 -0.0486628152354496
0.00805239823393977 -0.0326415643354149
0.00805239823393977 -0.0216766857397217
0.00805239823393977 0.0074215642712822
0.00805239823393977 -0.042679575282735
0.00805239823393977 -0.0419330253464021
0.00805239823393977 -0.0425627382491104
0.00805239823393977 -0.0353386485864458
0.00805239823393977 -0.00803853966135375
0.00805239823393977 -0.011907991612895
0.00805239823393977 -0.042116056652869
0.00805239823393977 -0.0499538390663169
0.00805239823393977 0.00403072365839548
0.00805239823393977 -0.00690252721022508
0.00805239823393977 -0.015353785010187
0.00805239823393977 -0.0299189591977594
0.00805239823393977 -0.014073128637797
0.00805239823393977 -0.0272092489237656
0.00805239823393977 -0.0125038480190277
0.00805239823393977 -0.0177400425219056
0.00805239823393977 -0.0396598229819309
0.00805239823393977 -0.0464163258088962
0.00805239823393977 -0.00769256857901306
0.00805239823393977 -0.0200568136659783
0.00805239823393977 -0.0203307225704458
0.00805239823393977 -0.0497898638895799
0.00805239823393977 -0.0234376740985555
0.00805239823393977 -0.0214174269567707
0.00805239823393977 -0.0364409232336633
0.00805239823393977 -0.000984813043892675
0.00805239823393977 0.00462721891887361
0.00805239823393977 0.00790669415266389
0.00805239823393977 -0.0117992915613846
0.00805239823393977 -0.0365932776835988
0.00805239823393977 -0.0218729440414698
0.00805239823393977 -0.0131791566721121
0.00805239823393977 -0.0478579085700622
0.00805239823393977 -0.0461016343476103
0.00805239823393977 -0.0397413100212933
0.00805239823393977 -0.0368842379808718
0.00805239823393977 -0.00503971903007656
0.00805239823393977 -0.051217729691213
0.00805239823393977 -0.0482907741699257
0.00805239823393977 -0.00231644854933476
0.00805239823393977 -0.0431612085882369
0.00805239823393977 -0.0320726081010536
0.00805239823393977 -0.0389747924269159
0.00805239823393977 -0.0406152784093166
0.00805239823393977 -0.0402832429073735
0.00805239823393977 0.00618876087469517
0.00805239823393977 -0.0176597134275392
0.00805239823393977 -0.00485234303210157
0.00805239823393977 -0.000528900877420829
0.00805239823393977 -0.022611547877726
0.00805239823393977 -0.049808926612428
-0.196533216979221 -0.0317819437722152
-0.196533216979221 -0.0386845495147615
-0.196533216979221 0.000726281690662967
-0.196533216979221 -0.0291003412467382
-0.196533216979221 -0.0178271470839272
-0.196533216979221 0.0292221031887943
-0.196533216979221 0.0538526009015842
-0.196533216979221 0.0987457037425632
-0.196533216979221 0.1632227314467
-0.196533216979221 0.225148815412941
-0.196533216979221 0.298016755823153
-0.196533216979221 0.333074003356805
-0.196533216979221 0.391488631551717
-0.196533216979221 0.419631878996179
-0.196533216979221 0.485931319025748
-0.196533216979221 0.500537122031928
-0.196533216979221 0.572249417678493
-0.196533216979221 0.569069029867789
-0.196533216979221 0.600264080329501
-0.196533216979221 0.634185460413359
-0.196533216979221 0.663368917170277
-0.196533216979221 0.651554574880932
-0.196533216979221 0.663566895026713
-0.196533216979221 0.725939437947444
-0.196533216979221 0.728066487269785
-0.196533216979221 0.710894574972639
-0.196533216979221 0.721139946434896
-0.196533216979221 0.722125142272698
-0.196533216979221 0.758093087503908
-0.196533216979221 0.735561631754274
-0.196533216979221 0.746093042799384
-0.196533216979221 0.772565106664653
-0.196533216979221 0.744836907815753
-0.196533216979221 0.747306724339753
-0.196533216979221 0.790285981517511
-0.196533216979221 0.768650862980482
-0.196533216979221 0.787988572227838
-0.196533216979221 0.78166014048094
-0.196533216979221 0.799968129097983
-0.196533216979221 0.794215434852657
-0.196533216979221 0.776043323819897
-0.196533216979221 0.815021296870845
-0.196533216979221 0.78966514527128
-0.196533216979221 0.767826240855963
-0.196533216979221 0.810962695392455
-0.196533216979221 0.816979977327059
-0.196533216979221 0.801200611128246
-0.196533216979221 0.784181445732681
-0.196533216979221 0.797099591377978
-0.196533216979221 0.769531802545627
-0.196533216979221 0.785870553634323
-0.196533216979221 0.820729309242876
-0.196533216979221 0.816252828596798
-0.196533216979221 0.777434854233436
-0.196533216979221 0.814526150707897
-0.196533216979221 0.782531645900935
-0.196533216979221 0.804690147765063
-0.196533216979221 0.799646431608158
-0.196533216979221 0.800408564780414
-0.196533216979221 0.817997170819166
-0.196533216979221 0.772668463095336
-0.196533216979221 0.819236181063451
-0.196533216979221 0.810518556392155
-0.196533216979221 0.793378521983752
-0.196533216979221 0.7792675053986
-0.196533216979221 0.776209048115627
-0.196533216979221 0.81067367775378
-0.196533216979221 0.784856111137607
-0.196533216979221 0.800874116547903
-0.196533216979221 0.800322876383524
-0.196533216979221 0.809778417181685
-0.196533216979221 0.826246797077319
-0.196533216979221 0.7961257460006
-0.196533216979221 0.811841120014893
-0.196533216979221 0.799057440464888
-0.196533216979221 0.826549034411612
-0.196533216979221 0.774453777633918
-0.196533216979221 0.82419369503867
-0.196533216979221 0.775044959792407
-0.196533216979221 0.774365844408214
-0.196533216979221 0.821935333341041
-0.196533216979221 0.824020992415428
-0.196533216979221 0.806985082306396
-0.196533216979221 0.800767175482219
-0.196533216979221 0.776560754596889
-0.196533216979221 0.808927427041495
-0.196533216979221 0.791865489609787
-0.196533216979221 0.802182295609113
-0.196533216979221 0.826445787477206
-0.196533216979221 0.768190618563359
-0.196533216979221 0.80444476893581
-0.196533216979221 0.775573520587715
-0.196533216979221 0.815356578935471
-0.196533216979221 0.772029038768552
-0.196533216979221 0.786931435769428
-0.196533216979221 0.782555299230344
-0.196533216979221 0.771578945188079
-0.196533216979221 0.783483300652959
-0.196533216979221 0.797738352073954
-0.196533216979221 0.791036965540919
0.739204988160572 0.767415653640632
0.739204988160572 0.774872667811854
0.739204988160572 0.822248092547763
0.739204988160572 0.783629303398475
0.739204988160572 0.714234830672146
0.739204988160572 0.531091447549512
0.739204988160572 0.306636544086019
0.739204988160572 0.133657135833479
0.739204988160572 -0.0172134533556623
0.739204988160572 -0.0880477498033826
0.739204988160572 -0.150919987686294
0.739204988160572 -0.204016229587551
0.739204988160572 -0.272248231799501
0.739204988160572 -0.28799501499643
0.739204988160572 -0.307967581882175
0.739204988160572 -0.333246259227173
0.739204988160572 -0.334239416988698
0.739204988160572 -0.330006228904619
0.739204988160572 -0.356380275647229
0.739204988160572 -0.393193187898509
0.739204988160572 -0.395155613965835
0.739204988160572 -0.391676278339622
0.739204988160572 -0.399914031721372
0.739204988160572 -0.388136210374188
0.739204988160572 -0.366632369131233
0.739204988160572 -0.412343618032197
0.739204988160572 -0.395955799812666
0.739204988160572 -0.414972772444062
0.739204988160572 -0.378984800695524
0.739204988160572 -0.428574865975861
0.739204988160572 -0.408133625426944
0.739204988160572 -0.389638395898962
0.739204988160572 -0.38888873338001
0.739204988160572 -0.416735941532853
0.739204988160572 -0.422303582472701
0.739204988160572 -0.417868113788054
0.739204988160572 -0.381605426645089
0.739204988160572 -0.415214229411438
0.739204988160572 -0.392634403866502
0.739204988160572 -0.438005459846352
0.739204988160572 -0.416455439260056
0.739204988160572 -0.441148629248804
0.739204988160572 -0.419648238021422
0.739204988160572 -0.417869064525679
0.739204988160572 -0.409263891034976
0.739204988160572 -0.389973315690209
0.739204988160572 -0.41389442337324
0.739204988160572 -0.397338392161698
0.739204988160572 -0.403013551744512
0.739204988160572 -0.394813302874256
0.739204988160572 -0.383853031501118
0.739204988160572 -0.393672135002631
0.739204988160572 -0.431054030075916
0.739204988160572 -0.391021973460457
0.739204988160572 -0.435616481694814
0.739204988160572 -0.420375872525345
0.739204988160572 -0.435493169137557
0.739204988160572 -0.385356429522345
0.739204988160572 -0.439053420677824
0.739204988160572 -0.397322715901638
0.739204988160572 -0.397345310839152
0.739204988160572 -0.424806460889532
0.739204988160572 -0.419190006102649
0.739204988160572 -0.410576788708234
0.739204988160572 -0.417641611345628
0.739204988160572 -0.436671682671209
0.739204988160572 -0.397871125552653
0.739204988160572 -0.404048750071155
0.739204988160572 -0.392193731337354
0.739204988160572 -0.387699482387988
0.739204988160572 -0.415581012974857
0.739204988160572 -0.394340411896659
0.739204988160572 -0.438416293989086
0.739204988160572 -0.425800929968606
0.739204988160572 -0.439028762346068
0.739204988160572 -0.422832702721366
0.739204988160572 -0.395230128740297
0.739204988160572 -0.401770766018345
0.739204988160572 -0.385256064640779
0.739204988160572 -0.388247718516625
0.739204988160572 -0.4381523247431
0.739204988160572 -0.435677387108204
0.739204988160572 -0.440302133498432
0.739204988160572 -0.406988774742407
0.739204988160572 -0.393975474650878
0.739204988160572 -0.4081282900067
0.739204988160572 -0.42221575080922
0.739204988160572 -0.385457552308268
0.739204988160572 -0.428010363128541
0.739204988160572 -0.38543170716899
0.739204988160572 -0.41075555143572
0.739204988160572 -0.417072657192554
0.739204988160572 -0.389886198191313
0.739204988160572 -0.413650805143502
0.739204988160572 -0.388658036639038
0.739204988160572 -0.387830336033834
0.739204988160572 -0.436896306985889
0.739204988160572 -0.399525183807338
0.739204988160572 -0.404083915842974
0.739204988160572 -0.397844781055396
0.37500001704259 -0.435955369281882
0.37500001704259 -0.385025538931774
0.37500001704259 -0.403487504572616
0.37500001704259 -0.391172005404622
0.37500001704259 -0.439790892217524
0.37500001704259 -0.411807697956435
0.37500001704259 -0.409789958453803
0.37500001704259 -0.401766474300147
0.37500001704259 -0.379588171196108
0.37500001704259 -0.386782731298997
0.37500001704259 -0.376721359973597
0.37500001704259 -0.417459380817875
0.37500001704259 -0.421744788344533
0.37500001704259 -0.40845711811093
0.37500001704259 -0.410459258974764
0.37500001704259 -0.402269840174704
0.37500001704259 -0.381256709590903
0.37500001704259 -0.39114419112096
0.37500001704259 -0.406422689950571
0.37500001704259 -0.368522510033161
0.37500001704259 -0.404498848660097
0.37500001704259 -0.373800139367768
0.37500001704259 -0.377022829814405
0.37500001704259 -0.402732892796068
0.37500001704259 -0.371414936648429
0.37500001704259 -0.362072938178928
0.37500001704259 -0.372035901469933
0.37500001704259 -0.390426035186967
0.37500001704259 -0.371945505879165
0.37500001704259 -0.358201940483211
0.37500001704259 -0.358414640865675
0.37500001704259 -0.380403482679806
0.37500001704259 -0.412162753843414
0.37500001704259 -0.410566880316446
0.37500001704259 -0.402781408041559
0.37500001704259 -0.391444408713037
0.37500001704259 -0.37982516660746
0.37500001704259 -0.373745319436241
0.37500001704259 -0.359537435277434
0.37500001704259 -0.367026865532476
0.37500001704259 -0.360588046747413
0.37500001704259 -0.374478745077801
0.37500001704259 -0.406114022886034
0.37500001704259 -0.413571661896088
0.37500001704259 -0.403209894137563
0.37500001704259 -0.375596087560357
0.37500001704259 -0.364529422133656
0.37500001704259 -0.386651741469544
0.37500001704259 -0.365049870266023
0.37500001704259 -0.411852646492822
0.37500001704259 -0.411464006446983
0.37500001704259 -0.390548260990696
0.37500001704259 -0.395146440689215
0.37500001704259 -0.394361080249179
0.37500001704259 -0.399708018860338
0.37500001704259 -0.360370891443986
0.37500001704259 -0.384294217532195
0.37500001704259 -0.411063368109997
0.37500001704259 -0.370809489688001
0.37500001704259 -0.3749059200277
0.37500001704259 -0.356276409544063
0.37500001704259 -0.373810127516497
0.37500001704259 -0.396620559394352
0.37500001704259 -0.366779604944029
0.37500001704259 -0.409078512474041
0.37500001704259 -0.39613334178869
0.37500001704259 -0.393632905138293
0.37500001704259 -0.401298925610436
0.37500001704259 -0.378337989788438
0.37500001704259 -0.379849157254802
0.37500001704259 -0.413220503451757
0.37500001704259 -0.372054291731681
0.37500001704259 -0.395694003469235
0.37500001704259 -0.383535681188517
0.37500001704259 -0.389308599451085
0.37500001704259 -0.375924933983876
0.37500001704259 -0.374348031446229
0.37500001704259 -0.409642642226197
0.37500001704259 -0.375848714596901
0.37500001704259 -0.384146895219132
0.37500001704259 -0.412809877035353
0.37500001704259 -0.413163979554263
0.37500001704259 -0.384283202444822
0.37500001704259 -0.365489287903798
0.37500001704259 -0.371125025073187
0.37500001704259 -0.399467079507572
0.37500001704259 -0.389196016879959
0.37500001704259 -0.371255918124367
0.37500001704259 -0.395796213224555
0.37500001704259 -0.360586212028441
0.37500001704259 -0.4096940734826
0.37500001704259 -0.376085256556088
0.37500001704259 -0.377707000379223
0.37500001704259 -0.366079165227258
0.37500001704259 -0.377535615487478
0.37500001704259 -0.362665993423436
0.37500001704259 -0.403994859489248
0.37500001704259 -0.356352861188389
0.37500001704259 -0.373670051026397
0.37500001704259 -0.36088013633961
-0.774830698602643 -0.406452046302384
-0.774830698602643 -0.368054612362594
-0.774830698602643 -0.383896478421275
-0.774830698602643 -0.39977151010011
-0.774830698602643 -0.371501452953741
-0.774830698602643 -0.363017746988222
-0.774830698602643 -0.318720837331552
-0.774830698602643 -0.227570380934399
-0.774830698602643 -0.114832529832624
-0.774830698602643 -0.0626217718710675
-0.774830698602643 0.106132336914432
-0.774830698602643 0.227963618193593
-0.774830698602643 0.380665256238981
-0.774830698602643 0.525160082589536
-0.774830698602643 0.652832392321533
-0.774830698602643 0.82965858387088
-0.774830698602643 0.934052576319828
-0.774830698602643 1.08984470772969
-0.774830698602643 1.22231916137078
-0.774830698602643 1.34821691733102
-0.774830698602643 1.45385297864774
-0.774830698602643 1.58280068378423
-0.774830698602643 1.65488127733571
-0.774830698602643 1.75406168691791
-0.774830698602643 1.84677604120141
-0.774830698602643 1.88826716690223
-0.774830698602643 1.97168455829
-0.774830698602643 2.0185548221121
-0.774830698602643 2.09290614414626
-0.774830698602643 2.09870780512681
-0.774830698602643 2.16757195280145
-0.774830698602643 2.18056962919932
-0.774830698602643 2.2114751841494
-0.774830698602643 2.24717284405446
-0.774830698602643 2.27700882321849
-0.774830698602643 2.27785389991394
-0.774830698602643 2.28034987595712
-0.774830698602643 2.34072528266837
-0.774830698602643 2.31786748111658
-0.774830698602643 2.3436660455462
-0.774830698602643 2.35042572257766
-0.774830698602643 2.36849316155059
-0.774830698602643 2.36734701918469
-0.774830698602643 2.37612056484744
-0.774830698602643 2.36556167968626
-0.774830698602643 2.37411985090065
-0.774830698602643 2.36684875282933
-0.774830698602643 2.40090800537966
-0.774830698602643 2.41518883623708
-0.774830698602643 2.37520916660346
-0.774830698602643 2.40004334127582
-0.774830698602643 2.39301220845423
-0.774830698602643 2.43707228266424
-0.774830698602643 2.40489275070898
-0.774830698602643 2.43735495118904
-0.774830698602643 2.39180441844113
-0.774830698602643 2.38805038565453
-0.774830698602643 2.38917773217754
-0.774830698602643 2.3979296945466
-0.774830698602643 2.42763197887327
-0.774830698602643 2.43678217499873
-0.774830698602643 2.41161513570704
-0.774830698602643 2.41769110625883
-0.774830698602643 2.41402811841044
-0.774830698602643 2.44508763357125
-0.774830698602643 2.44806210974644
-0.774830698602643 2.40506304908893
-0.774830698602643 2.4388357334388
-0.774830698602643 2.41939376737892
-0.774830698602643 2.42366334116999
-0.774830698602643 2.44944350197604
-0.774830698602643 2.40283905827333
-0.774830698602643 2.43399911598385
-0.774830698602643 2.41442614634943
-0.774830698602643 2.39761108955499
-0.774830698602643 2.41075470870941
-0.774830698602643 2.43820689725058
-0.774830698602643 2.44017701814638
-0.774830698602643 2.43592759739876
-0.774830698602643 2.39909591447173
-0.774830698602643 2.4185898589444
-0.774830698602643 2.44810271408287
-0.774830698602643 2.41866985298105
-0.774830698602643 2.40050063606889
-0.774830698602643 2.40970283230365
-0.774830698602643 2.43317127206443
-0.774830698602643 2.44343010547146
-0.774830698602643 2.41535824145323
-0.774830698602643 2.44988497288223
-0.774830698602643 2.40275316616152
-0.774830698602643 2.44234310634876
-0.774830698602643 2.4353511787379
-0.774830698602643 2.43202394281763
-0.774830698602643 2.42764961807614
-0.774830698602643 2.39347188423161
-0.774830698602643 2.44434282333582
-0.774830698602643 2.43860809563848
-0.774830698602643 2.39991502856907
-0.774830698602643 2.44685848237497
-0.774830698602643 2.41483682710237
-0.841387554134285 2.40244949815976
-0.841387554134285 2.44083860108108
-0.841387554134285 2.4254331510788
-0.841387554134285 2.41183259909902
-0.841387554134285 2.41923683334391
-0.841387554134285 2.4404625601786
-0.841387554134285 2.42194685801933
-0.841387554134285 2.4219527850651
-0.841387554134285 2.41467778947927
-0.841387554134285 2.42993191549586
-0.841387554134285 2.44505378523178
-0.841387554134285 2.43240584121278
-0.841387554134285 2.43000033227731
-0.841387554134285 2.43032458851919
-0.841387554134285 2.4681202908995
-0.841387554134285 2.44993501763629
-0.841387554134285 2.4583283712379
-0.841387554134285 2.43584629666797
-0.841387554134285 2.47457342335636
-0.841387554134285 2.47960095533226
-0.841387554134285 2.44843241015739
-0.841387554134285 2.47536037046129
-0.841387554134285 2.47454332410721
-0.841387554134285 2.43350663203025
-0.841387554134285 2.42506042948981
-0.841387554134285 2.44832711616509
-0.841387554134285 2.44510065312631
-0.841387554134285 2.46982679906347
-0.841387554134285 2.43262917946103
-0.841387554134285 2.4827445925694
-0.841387554134285 2.43747452226829
-0.841387554134285 2.45649192731654
-0.841387554134285 2.46742374604212
-0.841387554134285 2.47195595959937
-0.841387554134285 2.46554852501868
-0.841387554134285 2.44335617083811
-0.841387554134285 2.48368514668255
-0.841387554134285 2.44766813442168
-0.841387554134285 2.43681010577328
-0.841387554134285 2.46153847475203
-0.841387554134285 2.45530729594267
-0.841387554134285 2.44082090538016
-0.841387554134285 2.48263929469122
-0.841387554134285 2.45524845294261
-0.841387554134285 2.48088849762242
-0.841387554134285 2.43406729117484
-0.841387554134285 2.44468500279315
-0.841387554134285 2.45112800449163
-0.841387554134285 2.4504989178445
-0.841387554134285 2.48414384101882
-0.841387554134285 2.43733720890116
-0.841387554134285 2.47159817289678
-0.841387554134285 2.48305416295004
-0.841387554134285 2.46033627309814
-0.841387554134285 2.4309712502397
-0.841387554134285 2.42991681246157
-0.841387554134285 2.46401972293546
-0.841387554134285 2.43823958754812
-0.841387554134285 2.47135488256623
-0.841387554134285 2.44593460357239
-0.841387554134285 2.45382016827266
-0.841387554134285 2.45381626106523
-0.841387554134285 2.44630285421091
-0.841387554134285 2.46783634732782
-0.841387554134285 2.46387247362884
-0.841387554134285 2.43323020024141
-0.841387554134285 2.42966614308035
-0.841387554134285 2.45214337243415
-0.841387554134285 2.48217861101589
-0.841387554134285 2.43265389074397
-0.841387554134285 2.42754122797998
-0.841387554134285 2.46714533615438
-0.841387554134285 2.47032056837959
-0.841387554134285 2.44080468549941
-0.841387554134285 2.47914979678825
-0.841387554134285 2.46187214379353
-0.841387554134285 2.46155674625358
-0.841387554134285 2.45110545488044
-0.841387554134285 2.43095122950047
-0.841387554134285 2.4698949770119
-0.841387554134285 2.47749975862628
-0.841387554134285 2.44687443293716
-0.841387554134285 2.47867476166951
-0.841387554134285 2.4755809520024
-0.841387554134285 2.43777114861783
-0.841387554134285 2.46591682070458
-0.841387554134285 2.43135020003073
-0.841387554134285 2.46479811347004
-0.841387554134285 2.45999580230739
-0.841387554134285 2.48091941151641
-0.841387554134285 2.47585256908548
-0.841387554134285 2.44769994869947
-0.841387554134285 2.4721149939531
-0.841387554134285 2.47030350228387
-0.841387554134285 2.43106940286559
-0.841387554134285 2.45676512684731
-0.841387554134285 2.4445393574273
-0.841387554134285 2.46211143563942
-0.841387554134285 2.45658049097975
-0.841387554134285 2.43639229779771
0.591957929752198 2.47482554205646
0.591957929752198 2.46539557583682
0.591957929752198 2.45844420111753
0.591957929752198 2.47967555961987
0.591957929752198 2.14615555182262
0.591957929752198 1.61155034461456
0.591957929752198 1.10069400259332
0.591957929752198 0.68267136429387
0.591957929752198 0.396979600896958
0.591957929752198 0.17103119230344
0.591957929752198 0.0507946310390919
0.591957929752198 -0.0520302179651024
0.591957929752198 -0.144228466343498
0.591957929752198 -0.208597980388769
0.591957929752198 -0.232139548498666
0.591957929752198 -0.297847362385458
0.591957929752198 -0.281969936532178
0.591957929752198 -0.310568429584266
0.591957929752198 -0.318842860324598
0.591957929752198 -0.373503623129039
0.591957929752198 -0.35593356300219
0.591957929752198 -0.34501984265937
0.591957929752198 -0.354839124085537
0.591957929752198 -0.405018802723387
0.591957929752198 -0.380771900846326
0.591957929752198 -0.358038730179463
0.591957929752198 -0.373037572252944
0.591957929752198 -0.408821551033185
0.591957929752198 -0.401822194968426
0.591957929752198 -0.419447124965289
0.591957929752198 -0.422449103759022
0.591957929752198 -0.410209123034849
0.591957929752198 -0.386574198687988
0.591957929752198 -0.40756297243421
0.591957929752198 -0.381738397254369
0.591957929752198 -0.398458911182465
0.591957929752198 -0.393862434502248
0.591957929752198 -0.402999657038348
0.591957929752198 -0.430044146662251
0.591957929752198 -0.412528989861052
0.591957929752198 -0.409517187421808
0.591957929752198 -0.433133425667282
0.591957929752198 -0.393905675950987
0.591957929752198 -0.419240260040558
0.591957929752198 -0.37759288742885
0.591957929752198 -0.432445451916814
0.591957929752198 -0.436755844948278
0.591957929752198 -0.42581610690987
0.591957929752198 -0.389478103703816
0.591957929752198 -0.409793231934829
0.591957929752198 -0.419336972028343
0.591957929752198 -0.421009747275391
0.591957929752198 -0.379407367221191
0.591957929752198 -0.392779151893091
0.591957929752198 -0.430497525013077
0.591957929752198 -0.400732233898528
0.591957929752198 -0.410953568980867
0.591957929752198 -0.397852390422102
0.591957929752198 -0.396025657343294
0.591957929752198 -0.428062492355072
0.591957929752198 -0.408221778477875
0.591957929752198 -0.40660407138224
0.591957929752198 -0.406362382160053
0.591957929752198 -0.413599863105284
0.591957929752198 -0.405199077323694
0.591957929752198 -0.398028753951588
0.591957929752198 -0.407881706596507
0.591957929752198 -0.404686526580478
0.591957929752198 -0.43293506483034
0.591957929752198 -0.410386190249838
0.591957929752198 -0.428517084912413
0.591957929752198 -0.395339549728167
0.591957929752198 -0.379676851624773
0.591957929752198 -0.383473853592534
0.591957929752198 -0.414231229458998
0.591957929752198 -0.393824906772966
0.591957929752198 -0.412278292901528
0.591957929752198 -0.387712391115268
0.591957929752198 -0.411894968269748
0.591957929752198 -0.39564920963718
0.591957929752198 -0.399208686168465
0.591957929752198 -0.434584731065286
0.591957929752198 -0.401809300483512
0.591957929752198 -0.424454804119781
0.591957929752198 -0.406656078428507
0.591957929752198 -0.427664398253198
0.591957929752198 -0.37958485201659
0.591957929752198 -0.39709814764669
0.591957929752198 -0.421199996592856
0.591957929752198 -0.398397365466137
0.591957929752198 -0.404184462286751
0.591957929752198 -0.389571709596678
0.591957929752198 -0.423600638100827
0.591957929752198 -0.42460622713342
0.591957929752198 -0.422456339577865
0.591957929752198 -0.42576977741839
0.591957929752198 -0.38032719936716
0.591957929752198 -0.381989569662154
0.591957929752198 -0.385097514186219
0.591957929752198 -0.436595851051915
-0.989824184477561 -0.420623043418895
-0.989824184477561 -0.418057760190476
-0.989824184477561 -0.425779694243153
-0.989824184477561 -0.379580390234018
-0.989824184477561 -0.410526122325703
-0.989824184477561 -0.360459701043665
-0.989824184477561 -0.333247765990575
-0.989824184477561 -0.244316942376378
-0.989824184477561 -0.199992031374254
-0.989824184477561 -0.0727518314965648
-0.989824184477561 0.00253343129218035
-0.989824184477561 0.122841986342983
-0.989824184477561 0.271070760086595
-0.989824184477561 0.435584325413901
-0.989824184477561 0.610598036742578
-0.989824184477561 0.755619348334632
-0.989824184477561 0.903781605570568
-0.989824184477561 1.05944388214502
-0.989824184477561 1.17992082117768
-0.989824184477561 1.3210621679243
-0.989824184477561 1.45812462175787
-0.989824184477561 1.55239794586241
-0.989824184477561 1.66010296073514
-0.989824184477561 1.77500407457191
-0.989824184477561 1.84282629537876
-0.989824184477561 1.92240546580396
-0.989824184477561 1.97913116990171
-0.989824184477561 2.07244152445203
-0.989824184477561 2.12830457554135
-0.989824184477561 2.1561583819717
-0.989824184477561 2.17680479798521
-0.989824184477561 2.24978450532549
-0.989824184477561 2.268629209605
-0.989824184477561 2.32723691270101
-0.989824184477561 2.3415216663167
-0.989824184477561 2.34035133641292
-0.989824184477561 2.3605792135685
-0.989824184477561 2.36397200314426
-0.989824184477561 2.40924037674704
-0.989824184477561 2.39285869003434
-0.989824184477561 2.44616930410693
-0.989824184477561 2.40358738741713
-0.989824184477561 2.41469942033585
-0.989824184477561 2.46471841280955
-0.989824184477561 2.42764360031648
-0.989824184477561 2.48294773816306
-0.989824184477561 2.48127380703338
-0.989824184477561 2.44515205547229
-0.989824184477561 2.46962705801617
-0.989824184477561 2.48085708959313
-0.989824184477561 2.48514274925476
-0.989824184477561 2.46347788163901
-0.989824184477561 2.46233474533008
-0.989824184477561 2.4852471281819
-0.989824184477561 2.48545421108314
-0.989824184477561 2.46513603138033
-0.989824184477561 2.47690885534755
-0.989824184477561 2.46808227035795
-0.989824184477561 2.46393375555778
-0.989824184477561 2.48459639026053
-0.989824184477561 2.50656567816427
-0.989824184477561 2.50210865452794
-0.989824184477561 2.52073789829473
-0.989824184477561 2.4939880639296
-0.989824184477561 2.50219508077828
-0.989824184477561 2.48512222848945
-0.989824184477561 2.47940528646913
-0.989824184477561 2.52195207747103
-0.989824184477561 2.47501111660344
-0.989824184477561 2.49691744023664
-0.989824184477561 2.52524264084225
-0.989824184477561 2.52011966684662
-0.989824184477561 2.50478747686153
-0.989824184477561 2.47366722329951
-0.989824184477561 2.5093315084169
-0.989824184477561 2.50394478530088
-0.989824184477561 2.51386343529003
-0.989824184477561 2.51096055593784
-0.989824184477561 2.46817239075896
-0.989824184477561 2.49633043726744
-0.989824184477561 2.48875328537133
-0.989824184477561 2.51982675356963
-0.989824184477561 2.47723266464223
-0.989824184477561 2.47323504229368
-0.989824184477561 2.49044814279674
-0.989824184477561 2.50719993156244
-0.989824184477561 2.5113645835821
-0.989824184477561 2.50941764746826
-0.989824184477561 2.51034190082179
-0.989824184477561 2.48530724134646
-0.989824184477561 2.50661690952468
-0.989824184477561 2.47323844746576
-0.989824184477561 2.52335367807721
-0.989824184477561 2.49509787625338
-0.989824184477561 2.50213386162743
-0.989824184477561 2.50244515576435
-0.989824184477561 2.49019600260661
-0.989824184477561 2.47152222713767
-0.989824184477561 2.48211673786154
-0.989824184477561 2.48233265224065
0.13824341680603 2.49666444440993
0.13824341680603 2.4792087838545
0.13824341680603 2.48767574453113
0.13824341680603 2.47812327431662
0.13824341680603 2.28780568335899
0.13824341680603 1.87448391284509
0.13824341680603 1.42202788356311
0.13824341680603 1.07971077421902
0.13824341680603 0.774017702545863
0.13824341680603 0.505599445894951
0.13824341680603 0.390230937750232
0.13824341680603 0.239395251740375
0.13824341680603 0.148919882937527
0.13824341680603 0.07955025108794
0.13824341680603 -0.0206052547847922
0.13824341680603 -0.0279611060730648
0.13824341680603 -0.0591750641498691
0.13824341680603 -0.126825408546074
0.13824341680603 -0.117389493690084
0.13824341680603 -0.135579878639244
0.13824341680603 -0.150797893127528
0.13824341680603 -0.157843408114112
0.13824341680603 -0.183017109296769
0.13824341680603 -0.169934023480457
0.13824341680603 -0.182087712712126
0.13824341680603 -0.239494665548073
0.13824341680603 -0.203674092926301
0.13824341680603 -0.223402182479002
0.13824341680603 -0.246992479523331
0.13824341680603 -0.260101746955853
0.13824341680603 -0.206053990455235
0.13824341680603 -0.263101345876914
0.13824341680603 -0.228107768493815
0.13824341680603 -0.216236057963781
0.13824341680603 -0.228831193557169
0.13824341680603 -0.223870579191157
0.13824341680603 -0.22739982237323
0.13824341680603 -0.27014982281014
0.13824341680603 -0.234532685378753
0.13824341680603 -0.219613281746965
0.13824341680603 -0.273438544082132
0.13824341680603 -0.229714938721034
0.13824341680603 -0.263219326612844
0.13824341680603 -0.277503278926386
0.13824341680603 -0.248179480815618
0.13824341680603 -0.233470272240981
0.13824341680603 -0.248995123402271
0.13824341680603 -0.269118848133871
0.13824341680603 -0.263919148508216
0.13824341680603 -0.246378254016876
0.13824341680603 -0.241622644860907
0.13824341680603 -0.24659604664633
0.13824341680603 -0.263619020627122
0.13824341680603 -0.229814207739612
0.13824341680603 -0.22462825685475
0.13824341680603 -0.2275681727018
0.13824341680603 -0.26173321858688
0.13824341680603 -0.275402655437679
0.13824341680603 -0.268511672079502
0.13824341680603 -0.254079383225288
0.13824341680603 -0.227984355782592
0.13824341680603 -0.266437228043491
0.13824341680603 -0.245091809017973
0.13824341680603 -0.247706581145662
0.13824341680603 -0.257070448302994
0.13824341680603 -0.233270714517207
0.13824341680603 -0.276146685738159
0.13824341680603 -0.255219006134289
0.13824341680603 -0.263592343252405
0.13824341680603 -0.271357641323124
0.13824341680603 -0.234727170887906
0.13824341680603 -0.232811294396219
0.13824341680603 -0.23844619125151
0.13824341680603 -0.235839270356973
0.13824341680603 -0.227401856206684
0.13824341680603 -0.235274591012548
0.13824341680603 -0.23971471205897
0.13824341680603 -0.245591753047582
0.13824341680603 -0.281613700020132
0.13824341680603 -0.259945781668627
0.13824341680603 -0.273555562423032
0.13824341680603 -0.265611231780139
0.13824341680603 -0.243122015439943
0.13824341680603 -0.230484324353668
0.13824341680603 -0.279122014215165
0.13824341680603 -0.275285836618941
0.13824341680603 -0.250009154266709
0.13824341680603 -0.229407175403843
0.13824341680603 -0.282642857639485
0.13824341680603 -0.25367645053629
0.13824341680603 -0.255971047410799
0.13824341680603 -0.232108963820983
0.13824341680603 -0.24455631747788
0.13824341680603 -0.264856070228881
0.13824341680603 -0.279847225967049
0.13824341680603 -0.27586984345368
0.13824341680603 -0.226815296502272
0.13824341680603 -0.231069952596755
0.13824341680603 -0.258034766493325
0.13824341680603 -0.28107163521804
-0.752531226381316 -0.236624104092722
-0.752531226381316 -0.264027619307724
-0.752531226381316 -0.245467302063181
-0.752531226381316 -0.240804497381328
-0.752531226381316 -0.211657811194447
-0.752531226381316 -0.192135149984606
-0.752531226381316 -0.0901818838010907
-0.752531226381316 -0.0245343215538383
-0.752531226381316 0.092620487786656
-0.752531226381316 0.206033578321361
-0.752531226381316 0.314654450321362
-0.752531226381316 0.473703212313032
-0.752531226381316 0.622245020606689
-0.752531226381316 0.783935056990312
-0.752531226381316 0.908441160725972
-0.752531226381316 1.06647451728162
-0.752531226381316 1.22278882236307
-0.752531226381316 1.30768190305638
-0.752531226381316 1.43774339642804
-0.752531226381316 1.54731444754863
-0.752531226381316 1.6644685508048
-0.752531226381316 1.76428856073629
-0.752531226381316 1.80932458803839
-0.752531226381316 1.85909394423605
-0.752531226381316 1.97323959963007
-0.752531226381316 2.03071977205884
-0.752531226381316 2.03407302008092
-0.752531226381316 2.08362311999478
-0.752531226381316 2.14239220950347
-0.752531226381316 2.17487561315438
-0.752531226381316 2.20757705522781
-0.752531226381316 2.20207273145522
-0.752531226381316 2.26941772169527
-0.752531226381316 2.27067474658886
-0.752531226381316 2.28285389396711
-0.752531226381316 2.33023972264549
-0.752531226381316 2.34818456525875
-0.752531226381316 2.3370536128504
-0.752531226381316 2.34310910526926
-0.752531226381316 2.34010334247582
-0.752531226381316 2.34833658562636
-0.752531226381316 2.33987422230895
-0.752531226381316 2.3674054363632
-0.752531226381316 2.3819910017437
-0.752531226381316 2.37146236564614
-0.752531226381316 2.38434366657823
-0.752531226381316 2.38243952555181
-0.752531226381316 2.37735534458061
-0.752531226381316 2.41375680014133
-0.752531226381316 2.36834586903469
-0.752531226381316 2.41112484770972
-0.752531226381316 2.42580420801201
-0.752531226381316 2.38963050536315
-0.752531226381316 2.42333736641721
-0.752531226381316 2.39152945346742
-0.752531226381316 2.38791405127773
-0.752531226381316 2.38834635219826
-0.752531226381316 2.3961869430619
-0.752531226381316 2.38650329470286
-0.752531226381316 2.40981928563712
-0.752531226381316 2.42700975616951
-0.752531226381316 2.40370849996894
-0.752531226381316 2.40808593178575
-0.752531226381316 2.42066328803544
-0.752531226381316 2.4208122615111
-0.752531226381316 2.38123965962449
-0.752531226381316 2.40217045056959
-0.752531226381316 2.43172711821394
-0.752531226381316 2.4114608961765
-0.752531226381316 2.40249619701399
-0.752531226381316 2.43778463240268
-0.752531226381316 2.42543058320744
-0.752531226381316 2.43587424653726
-0.752531226381316 2.41523686395717
-0.752531226381316 2.39346948435595
-0.752531226381316 2.41328843577094
-0.752531226381316 2.42198415059627
-0.752531226381316 2.41238453423081
-0.752531226381316 2.40244980072161
-0.752531226381316 2.42145718171792
-0.752531226381316 2.425891888962
-0.752531226381316 2.3986572201534
-0.752531226381316 2.43621165646258
-0.752531226381316 2.38067067080476
-0.752531226381316 2.39905464924975
-0.752531226381316 2.39720040455007
-0.752531226381316 2.4221045804709
-0.752531226381316 2.40398613327727
-0.752531226381316 2.43405821081012
-0.752531226381316 2.41753118065222
-0.752531226381316 2.40584149733763
-0.752531226381316 2.4065719136463
-0.752531226381316 2.4318638101385
-0.752531226381316 2.40202853169027
-0.752531226381316 2.42171815322997
-0.752531226381316 2.38866874558066
-0.752531226381316 2.43445158811208
-0.752531226381316 2.3881503603157
-0.752531226381316 2.39906667407997
-0.752531226381316 2.39965255453988
0.308341896380327 2.4343639110032
0.308341896380327 2.3938629446228
0.308341896380327 2.4254590232894
0.308341896380327 2.38671762467592
0.308341896380327 2.17051327807903
0.308341896380327 1.66450328881418
0.308341896380327 1.2155925896198
0.308341896380327 0.787566190063963
0.308341896380327 0.50576630926182
0.308341896380327 0.282062407784099
0.308341896380327 0.103693988057402
0.308341896380327 0.0054791203668516
0.308341896380327 -0.0724043726460822
0.308341896380327 -0.105475631215357
0.308341896380327 -0.179664038292415
0.308341896380327 -0.182602440414546
0.308341896380327 -0.234625978644497
0.308341896380327 -0.245982886764011
0.308341896380327 -0.282102723855828
0.308341896380327 -0.291967040358853
0.308341896380327 -0.299520973525835
0.308341896380327 -0.310864637997672
0.308341896380327 -0.320763340370218
0.308341896380327 -0.354720582552315
0.308341896380327 -0.31251119885404
0.308341896380327 -0.319383805331782
0.308341896380327 -0.368524570761142
0.308341896380327 -0.321492091736172
0.308341896380327 -0.332806850711621
0.308341896380327 -0.325313008553234
0.308341896380327 -0.379828447407758
0.308341896380327 -0.353445583308527
0.308341896380327 -0.349955209351331
0.308341896380327 -0.384818923951793
0.308341896380327 -0.382516862928097
0.308341896380327 -0.330798946431504
0.308341896380327 -0.370991171939151
0.308341896380327 -0.355952546182508
0.308341896380327 -0.381528657163403
0.308341896380327 -0.348633467304653
0.308341896380327 -0.390803788441574
0.308341896380327 -0.372085115145998
0.308341896380327 -0.363911551374513
0.308341896380327 -0.334275096549441
0.308341896380327 -0.361635122096523
0.308341896380327 -0.355484702312378
0.308341896380327 -0.37285374229481
0.308341896380327 -0.335138597062277
0.308341896380327 -0.386456102252696
0.308341896380327 -0.377948011944474
0.308341896380327 -0.350719556707585
0.308341896380327 -0.367090532061317
0.308341896380327 -0.343859565869083
0.308341896380327 -0.335518241170199
0.308341896380327 -0.342391194536462
0.308341896380327 -0.370618648070788
0.308341896380327 -0.376363948397682
0.308341896380327 -0.359614696665901
0.308341896380327 -0.346892958078022
0.308341896380327 -0.35849774744852
0.308341896380327 -0.343129120568193
0.308341896380327 -0.338231049803386
0.308341896380327 -0.37565707023058
0.308341896380327 -0.33708709437386
0.308341896380327 -0.363916822958326
0.308341896380327 -0.351151565386872
0.308341896380327 -0.356352271145758
0.308341896380327 -0.353993633045086
0.308341896380327 -0.372909468604061
0.308341896380327 -0.352624889974891
0.308341896380327 -0.362156405952941
0.308341896380327 -0.367989746186317
0.308341896380327 -0.352897319283412
0.308341896380327 -0.351842665839113
0.308341896380327 -0.383911528818892
0.308341896380327 -0.341752725062031
0.308341896380327 -0.380886421408272
0.308341896380327 -0.385681652467729
0.308341896380327 -0.392905173803579
0.308341896380327 -0.358504892978422
0.308341896380327 -0.369614919272479
0.308341896380327 -0.341938060891509
0.308341896380327 -0.361730440248378
0.308341896380327 -0.373397312260537
0.308341896380327 -0.372813042691954
0.308341896380327 -0.363004604112638
0.308341896380327 -0.391479916061764
0.308341896380327 -0.358988298377013
0.308341896380327 -0.388564665038775
0.308341896380327 -0.384181603099738
0.308341896380327 -0.36474676399656
0.308341896380327 -0.364976461710121
0.308341896380327 -0.370710257924915
0.308341896380327 -0.357255887414009
0.308341896380327 -0.349699931258857
0.308341896380327 -0.356608937095946
0.308341896380327 -0.35067964828042
0.308341896380327 -0.37325906283963
0.308341896380327 -0.371341669806156
0.308341896380327 -0.360866230248849
-0.509872056416363 -0.389854824054121
-0.509872056416363 -0.345346652233447
-0.509872056416363 -0.391337490314827
-0.509872056416363 -0.359807610830914
-0.509872056416363 -0.350083667789564
-0.509872056416363 -0.297042039886902
-0.509872056416363 -0.289735487104957
-0.509872056416363 -0.219122699926426
-0.509872056416363 -0.102675990674699
-0.509872056416363 -0.00250806456346812
-0.509872056416363 0.0584829779400347
-0.509872056416363 0.22687404460741
-0.509872056416363 0.358134915216403
-0.509872056416363 0.488321899722388
-0.509872056416363 0.607144877469803
-0.509872056416363 0.720045123169337
-0.509872056416363 0.836516103161356
-0.509872056416363 0.966115032219323
-0.509872056416363 1.09181341037932
-0.509872056416363 1.17675519039022
-0.509872056416363 1.315200137621
-0.509872056416363 1.37290699417919
-0.509872056416363 1.46723435058631
-0.509872056416363 1.50350083305857
-0.509872056416363 1.58672449790551
-0.509872056416363 1.64164459944066
-0.509872056416363 1.6941772711546
-0.509872056416363 1.72789876652421
-0.509872056416363 1.81351393944766
-0.509872056416363 1.7992901801888
-0.509872056416363 1.83694973877261
-0.509872056416363 1.90470152447718
-0.509872056416363 1.90580893394513
-0.509872056416363 1.95932790729116
-0.509872056416363 1.95208124755985
-0.509872056416363 1.99589699929454
-0.509872056416363 2.00796925567321
-0.509872056416363 1.99734329492829
-0.509872056416363 1.99292520546492
-0.509872056416363 2.03779653173133
-0.509872056416363 2.04091130622185
-0.509872056416363 2.01412184495903
-0.509872056416363 2.05859050280373
-0.509872056416363 2.05590448324428
-0.509872056416363 2.03909856218248
-0.509872056416363 2.06732430574371
-0.509872056416363 2.04455733408684
-0.509872056416363 2.05632904016111
-0.509872056416363 2.02973646704872
-0.509872056416363 2.08881748274278
-0.509872056416363 2.05983883432705
-0.509872056416363 2.08872784628994
-0.509872056416363 2.07539049280215
-0.509872056416363 2.0630923838803
-0.509872056416363 2.04245075228669
-0.509872056416363 2.09666129876101
-0.509872056416363 2.05616022948306
-0.509872056416363 2.05852610180388
-0.509872056416363 2.07580399052065
-0.509872056416363 2.09516406036219
-0.509872056416363 2.06285854986926
-0.509872056416363 2.05808344240272
-0.509872056416363 2.07185549777331
-0.509872056416363 2.07482768009868
-0.509872056416363 2.10218022210996
-0.509872056416363 2.08526378248164
-0.509872056416363 2.08898563126778
-0.509872056416363 2.08548624486015
-0.509872056416363 2.08640035401287
-0.509872056416363 2.08598801228318
-0.509872056416363 2.09470411295418
-0.509872056416363 2.06117441733998
-0.509872056416363 2.09421140741453
-0.509872056416363 2.10223942846486
-0.509872056416363 2.08349965454774
-0.509872056416363 2.06847340366812
-0.509872056416363 2.05418217157343
-0.509872056416363 2.07106369458181
-0.509872056416363 2.09831705362249
-0.509872056416363 2.07523305247478
-0.509872056416363 2.09527265946656
-0.509872056416363 2.063512586443
-0.509872056416363 2.09583923713958
-0.509872056416363 2.0753520997783
-0.509872056416363 2.09894374967918
-0.509872056416363 2.06081671541637
-0.509872056416363 2.09967613430573
-0.509872056416363 2.09577148020428
-0.509872056416363 2.06295236695162
-0.509872056416363 2.05162604855144
-0.509872056416363 2.08428429647594
-0.509872056416363 2.09116123162787
-0.509872056416363 2.06729513962331
-0.509872056416363 2.06737365500184
-0.509872056416363 2.09525387980727
-0.509872056416363 2.07110119777917
-0.509872056416363 2.09387451182248
-0.509872056416363 2.09429732404388
-0.509872056416363 2.09771974004586
-0.509872056416363 2.0892524509531
-0.509872056416363 2.08464492540915
